{"distmatrix":[[0,39.4365,78.728,67.1399,63.7499,73.1555,107.0331,87.696,101.6929,75.1584,83.6048,101.8292,95.2115,82.1717,91.4885,79.7902,97.3217,84.1514,78.4861,112.6631,118.7585,114.106,108.5671,103.6162,104.8299,121.746,107.8719,116.9568,88.9203,90.0013,106.8582,107.4223,108.3602,109.0322,107.7271,105.9362,107.2796,110.3158,119.6581,127.4628,111.3765,107.9962,122.9293,113.0975,109.212,112.553,117.6531,103.8858,106.8077,127.407,121.6827,136.5874,120.9751,121.9389,134.3869,138.9914,131.5783,138.4331,128.5709,116.151,130.9776,132.8984,131.5739,132.7397,133.2756,121.3597,120.7043,127.7193,122.9342,119.9443,111.0518,116.0366,116.0366,129.7271,130.5488,126.3052,114.5356,108.6847,94.682,95.5667,92.4906,114.5548,97.8663,104.7879,105.6331,101.7522,107.851,95.9029,84.5702,98.7243,133.3247,150.2971,173.3916,175.1769,169.9658,170.1818,159.1576,162.7633,166.7748,161.9013,144.3566,137.0356,138.0061,126.6942,123.6545,110.3593],[39.4365,0,68.6544,55.4378,50.3667,60.0564,86.9045,66.2012,82.6075,54.7296,66.7683,84.6533,71.9677,61.6684,72.2634,54.8376,76.6744,63.2095,59.4486,93.182,102.1389,99.7288,93.6495,83.7723,85.5121,101.3434,92.4478,99.5579,76.8742,77.787,92.3465,94.1424,93.9143,97.2938,95.5984,93.7022,94.3167,97.838,105.6316,113.2565,97.9099,95.976,109.169,99.9293,96.821,99.5523,98.4929,84.219,87.6416,108.3014,99.7451,121.6631,103.2593,104.117,116.6814,121.8949,114.1494,120.7596,112.9581,97.3522,113.497,117.8313,117.0801,118.4982,118.7553,104.1217,106.1343,112.5371,104.3885,101.4918,95.4415,100.857,100.857,118.9105,112.2533,108.9054,99.4328,92.5171,74.6772,77.4347,72.6068,92.8526,79.6762,86.2791,89.2184,82.1742,91.2552,79.2946,63.5256,79.0859,118.4921,137.0559,159.0821,160.8165,154.6701,155.211,144.4573,148.8113,152.6027,147.3643,130.6948,120.8712,124.2591,112.7068,108.3816,99.4926],[78.728,68.6544,0,69.0167,68.0126,67.2338,97.9038,80.2644,90.4737,70.2987,65.905,85.7046,88.7592,72.7679,84.7273,77.5937,84.4365,74.3291,73.363,90.2144,96.5866,92.025,88.2883,77.8599,86.8049,90.6218,84.2317,84.1567,76.9754,77.5757,82.3438,79.1269,79.0705,85.6755,81.2289,81.8063,78.2857,84.3311,89.0735,95.993,88.0592,86.0922,98.9457,88.7725,88.7485,89.7405,83.2967,76.3958,83.8668,97.3627,91.3236,105.968,89.9547,88.4816,97.0178,100.7454,96.8778,103.1562,92.295,78.4932,93.4476,109.705,99.9775,100.6817,103.358,85.8262,89.3783,89.1034,94.146,93.5565,86.5827,97.3408,97.3408,107.4303,103.9154,96.7877,79.6582,92.8725,70.1635,68.1744,72.4421,84.5538,81.5085,81.081,72.5018,70.2668,71.8128,73.6917,68.767,77.9648,92.7347,108.009,134.6642,136.7543,129.9933,131.2351,122.0008,126.4305,128.3769,123.9097,109.6465,102.0391,103.5464,93.7373,95.6552,89.8954],[67.1399,55.4378,69.0167,0,62.0139,51.7428,76.473,69.698,81.6099,66.7456,61.229,91.058,85.6103,67.2496,77.8632,66.7901,74.192,74.2462,66.5736,85.6707,91.7929,88.0989,85.2656,75.9015,79.9794,90.4827,84.3766,88.3895,72.8384,73.8293,92.3062,87.4365,84.3935,86.0723,85.392,83.288,83.5849,88.1761,94.2297,102.6761,90.3255,89.7667,100.8489,92.1878,93.0176,90.598,90.8593,77.7201,82.4539,106.4424,93.8707,117.0079,96.3867,99.3641,110.6673,111.6237,104.2234,111.7942,105.003,89.4521,102.7867,107.0472,103.558,108.7531,107.4734,90.2827,95.4096,98.7031,96.3713,96.9568,92.0734,100.4643,100.4643,112.3482,105.8333,104.7048,92.7295,92.6737,66.7582,66.9021,73.0876,87.1529,76.8517,78.262,88.8652,75.3508,79.8981,71.7465,68.7169,79.9401,111.8014,132.0502,146.656,147.9376,142.0006,142.1191,131.9839,137.7644,142.2898,138.6501,117.3254,111.6555,114.7336,110.6432,108.8396,93.3156],[63.7499,50.3667,68.0126,62.0139,0,50.6101,93.3787,72.4571,86.938,56.8905,73.4813,88.2259,81.1542,69.5772,80.7217,61.9084,84.0923,78.1667,76.4735,101.5558,108.0983,104.4722,98.1412,88.8779,92.8714,108.0532,95.7034,104.3188,85.4781,85.4573,94.1697,96.2078,99.1922,105.132,101.9681,100.1026,98.5994,102.775,107.1823,113.3722,101.2136,99.2812,113.822,104.7086,103.6246,105.1123,91.0275,81.0133,89.0185,110.9652,103.3188,128.4826,109.6113,111.5979,123.0315,126.8767,117.7494,124.1763,110.0564,97.9074,111.4783,120.1183,120.647,123.985,126.6482,104.7502,112.3129,114.9625,108.8904,107.9112,104.0116,109.4755,109.4755,118.0304,110.9021,110.8692,87.6407,96.3114,77.7798,79.9211,82.7153,99.6212,88.062,95.1871,86.3342,85.4754,95.7418,88.8948,76.2934,85.8501,118.3663,136.4349,162.6331,164.5801,157.2216,157.3932,147.9342,151.3172,156.5196,149.98,134.1513,127.2912,126.7143,114.9425,113.77,105.949],[73.1555,60.0564,67.2338,51.7428,50.6101,0,80.141,57.8771,65.2187,62.0513,64.8414,81.2241,78.6712,61.0975,65.8969,56.0511,67.4159,62.4939,55.8904,75.471,79.1754,76.2746,69.4488,67.348,66.4388,84.3573,71.3862,81.4702,60.7368,59.349,74.8128,81.3135,79.6354,80.6556,76.9038,75.655,74.7097,77.3998,83.7739,88.2364,75.4525,72.8307,88.2381,78.6856,79.5895,79.9589,68.0818,57.7736,67.6371,90.7568,85.7463,103.8604,85.7953,87.099,98.9892,102.353,93.7265,98.9203,85.2664,72.8169,86.3785,96.6651,94.8802,99.6664,101.0411,80.3595,91.6087,92.8354,87.7669,85.5015,81.8495,87.0558,87.0558,95.1041,87.938,87.9136,70.0879,76.5327,67.5731,59.1613,61.3493,78.461,63.759,68.6539,68.4921,71.1554,75.7375,70.6803,59.6294,67.4796,97.9931,124.6218,138.8685,140.5888,133.3182,133.2928,122.3764,127.5388,134.4355,126.9986,109.9123,104.2281,103.4731,102.9716,93.2691,89.1772],[107.0331,86.9045,97.9038,76.473,93.3787,80.141,0,66.4948,73.7598,79.2509,73.6214,92.967,81.6702,82.1519,80.8454,79.6381,71.35,74.2642,70.5029,80.6,84.77,84.9691,81.0946,74.7495,74.3089,79.6245,92.4956,90.2209,88.18,89.3481,96.1757,96.4581,92.1647,93.9911,95.5399,93.7475,95.2772,96.8092,100.7091,107.2682,99.7045,100.4271,103.492,98.7812,98.9838,99.4455,89.518,73.6838,74.1703,95.1101,75.8286,115.0651,95.4742,94.4285,106.7051,104.2716,100.1321,104.7246,103.6997,92.0811,100.6323,88.5354,102.8255,101.4948,101.1813,90.2023,98.019,101.9577,90.1731,94.0002,94.8576,99.1487,99.1487,113.5148,97.969,101.1255,105.5352,88.7181,70.5704,80.5653,77.6832,82.9638,73.9759,77.6715,98.6418,80.3456,92.6003,87.8175,78.6476,89.2154,113.521,138.5471,144.2047,146.31,139.3952,140.3198,129.9898,136.7287,142.1028,137.6263,122.9591,110.2615,118.4051,120.3222,103.649,105.8426],[87.696,66.2012,80.2644,69.698,72.4571,57.8771,66.4948,0,41.8508,46.5727,54.6345,60.6339,59.2743,58.3644,54.1822,59.4995,51.7627,55.0179,47.3399,54.5322,62.6788,63.4005,57.2225,52.7837,51.4374,76.3514,64.7945,72.0475,56.7308,56.4425,60.7682,72.1526,70.1924,71.4827,69.7685,68.4569,70.6212,69.517,76.2714,80.8397,67.8461,68.4457,74.791,69.6926,67.3714,69.8891,63.7239,45.0845,42.0167,67.2877,58.2464,91.3151,67.5043,72.2787,81.5519,89.1826,75.2144,84.2188,82.7307,67.1915,79.0107,79.431,82.9885,80.725,83.8608,67.463,77.7738,81.7786,63.7944,60.7632,66.1972,62.4413,62.4413,81.4387,69.7374,71.3092,84.5091,63.1421,64.7517,61.1253,59.2858,58.1028,39.6645,53.6679,66.2806,56.8608,71.6336,67.6497,45.403,49.3106,89.3722,117.8181,127.516,129.6778,122.053,122.5146,111.0685,116.8211,121.717,113.8444,100.2113,92.7687,92.1167,105.023,86.864,85.6212],[101.6929,82.6075,90.4737,81.6099,86.938,65.2187,73.7598,41.8508,0,64.2079,67.0839,67.9114,75.756,68.5887,61.5881,68.5195,50.3971,63.5884,53.9907,53.6331,60.9917,59.3199,57.0238,53.6563,49.3406,75.9186,64.2111,71.1151,62.0325,61.3506,61.0176,77.9249,73.8934,73.4479,69.4932,69.9517,73.5401,71.4609,76.5895,77.8332,68.2864,68.7852,72.8245,69.3581,65.0514,70.6908,64.1168,49.2742,47.5644,61.0596,57.4148,85.0415,64.3931,67.8742,77.9255,83.2925,71.6909,75.2692,79.0272,64.3282,73.2138,76.0377,79.4805,78.1287,78.6495,67.948,75.3482,77.6826,65.355,63.5874,64.1482,59.3004,59.3004,72.2537,56.3849,64.3937,87.1218,54.9336,72.4583,64.8607,62.717,54.3006,39.1801,51.7354,63.7096,62.5819,69.7564,71.5442,51.9621,48.6308,85.8933,117.5412,121.5169,122.733,115.2109,115.0786,103.7462,108.3972,116.0967,108.4409,94.0626,89.1514,85.5938,101.9707,78.853,82.9405],[75.1584,54.7296,70.2987,66.7456,56.8905,62.0513,79.2509,46.5727,64.2079,0,58.905,71.7369,62.6747,58.7198,61.1401,54.5328,61.8555,64.4957,59.6716,76.2265,88.0768,86.293,79.8706,64.3184,70.9211,91.842,81.6364,88.3939,75.8675,75.4205,80.7936,88.5952,87.9291,92.2063,89.501,88.6714,89.2929,91.0721,96.8383,102.2856,90.9218,89.0597,98.632,90.7135,89.0739,91.4449,80.3681,61.5534,64.657,88.2448,78.8099,113.1706,89.6536,93.4968,101.1905,107.9855,96.5561,105.1642,97.7711,82.9193,96.0737,104.2466,103.1552,104.3463,106.7301,90.0993,96.6771,100.1359,85.1885,85.0763,84.5848,87.0768,87.0768,106.0586,92.6635,94.0956,93.2077,76.3862,70.4361,69.6382,66.7975,71.0346,60.0754,72.3736,78.0754,68.9975,84.345,75.773,54.1945,65.2929,104.6438,128.5011,147.0669,149.5469,141.6456,142.3426,131.3821,136.4408,140.8499,132.6708,118.9465,110.5178,111.2171,107.0693,101.8156,95.1804],[83.6048,66.7683,65.905,61.229,73.4813,64.8414,73.6214,54.6345,67.0839,58.905,0,78.7212,76.4958,67.1273,73.7702,75.6724,71.8087,73.1024,65.5509,71.5411,80.8137,77.1107,73.2152,66.8658,72.6139,85.0691,77.7556,78.1538,72.6787,74.1491,79.437,83.103,81.3598,80.4261,78.3982,77.8627,79.6554,81.2,86.9821,94.2791,83.6422,83.0922,90.9583,83.1453,83.4104,83.0056,79.7951,65.4546,65.6601,87.0222,69.4186,103.4892,82.7658,83.918,92.7347,95.5179,87.4208,95.7247,89.0434,77.7084,89.5186,92.8985,89.2635,91.4234,94.8804,80.3631,86.3401,88.7177,78.0226,83.1226,79.1564,87.1176,87.1176,99.5495,88.9099,88.4454,94.0977,77.8302,64.9759,68.7005,68.2947,69.7405,64.3618,62.4763,77.4269,64.0722,74.8891,71.8634,59.1515,72.829,97.6378,122.3216,133.4187,136.2547,128.3514,129.7759,119.2712,125.9681,130.58,121.5319,107.6453,100.4168,102.8433,102.675,96.6435,89.8755],[101.8292,84.6533,85.7046,91.058,88.2259,81.2241,92.967,60.6339,67.9114,71.7369,78.7212,0,72.4451,71.2972,68.3731,72.3559,74.2434,74.5418,72.6913,72.4262,76.6484,77.1602,70.8449,68.9942,66.6864,81.2246,74.9842,75.9229,66.5329,65.9836,69.8961,77.6396,75.2463,76.1675,74.9186,73.082,74.7931,74.7948,77.9113,82.518,76.4189,76.8409,78.8423,73.2417,71.5627,73.5217,75.2834,69.708,67.3783,72.5253,72.5677,89.6714,70.1585,77.8822,81.8331,84.2163,79.5108,85.6107,84.7982,71.4162,80.7659,88.2338,87.4796,86.182,89.6518,72.8287,80.6339,82.08,76.6041,74.6337,72.7457,72.7296,72.7296,83.3024,79.529,78.5239,86.1813,66.4727,74.8438,69.2242,72.9164,70.8923,62.3944,66.5536,72.3866,66.0668,74.3453,66.3852,60.5727,60.2994,85.4312,111.0443,119.1511,122.0157,114.8417,116.0064,105.052,110.7275,115.6226,110.8546,97.0899,86.3899,88.7538,99.5946,86.4711,85.9379],[95.2115,71.9677,88.7592,85.6103,81.1542,78.6712,81.6702,59.2743,75.756,62.6747,76.4958,72.4451,0,43.2978,51.7984,59.4389,63.7497,60.0195,69.9477,84.2991,94.7687,96.0005,89.7912,74.1425,69.2156,83.9932,81.151,88.6319,86.7782,85.7679,89.8067,99.0982,97.1821,100.8549,100.9721,99.2342,99.7537,100.0098,105.2606,111.9256,100.408,99.8853,106.1292,101.3019,99.1037,101.3839,91.5312,80.2132,79.2826,95.1126,90.421,108.1722,98.1424,99.0083,106.1822,109.9573,102.627,106.0982,102.296,92.0279,108.4999,109.0968,112.3634,108.1227,113.0544,98.122,106.2483,110.4383,96.2198,94.7948,94.9182,88.9875,88.9875,106.5922,95.501,97.1489,103.1252,70.637,60.6677,73.3921,81.6426,81.5225,73.6775,83.0109,89.3001,80.9793,92.7717,81.9028,65.1931,72.3591,111.4141,138.582,154.202,156.6287,149.2568,150.3815,139.2237,144.0962,147.7741,141.3107,127.8335,116.6516,118.9619,125.0577,99.274,106.9535],[82.1717,61.6684,72.7679,67.2496,69.5772,61.0975,82.1519,58.3644,68.5887,58.7198,67.1273,71.2972,43.2978,0,50.4433,48.4476,53.7571,54.74,58.5061,75.5551,84.9582,83.529,76.2588,58.6713,59.6949,76.5473,65.7632,75.4628,72.2943,71.4348,81.2337,90.1808,85.1833,90.0065,89.5609,87.6338,87.6604,89.5011,95.0251,98.8636,87.3204,86.9735,95.3099,87.9314,87.0205,88.9576,82.0285,69.6052,72.4787,90.4498,88.4486,98.7112,84.9659,85.4368,94.5206,98.904,91.5526,95.4481,85.175,77.6733,95.0033,103.1469,99.7982,97.1161,101.5365,88.9913,93.2029,96.3279,87.3105,85.8923,76.8653,77.1196,77.1196,96.0813,86.3351,88.9343,82.8243,61.7185,51.5268,59.076,65.6783,72.2393,64.2446,72.8483,72.3508,67.8923,75.5943,66.8537,55.0438,59.2697,100.7455,123.2642,141.7679,143.8052,136.1798,136.9619,126.3781,130.2267,136.2079,128.9931,112.5797,104.0861,106.1532,105.8446,85.9984,83.9366],[91.4885,72.2634,84.7273,77.8632,80.7217,65.8969,80.8454,54.1822,61.5881,61.1401,73.7702,68.3731,51.7984,50.4433,0,45.2269,47.7767,49.0802,54.4213,64.7433,77.7022,72.8233,67.094,56.0364,51.7965,73.4735,64.5017,74.4123,70.3492,69.717,76.9079,90.6787,85.7829,85.4201,83.5238,82.1132,84.5023,83.2057,91.5014,95.5645,82.6757,81.2814,89.911,84.5938,82.4298,84.7828,79.5476,66.3706,66.8013,85.605,80.7228,94.1828,80.77,82.3504,92.3588,96.307,86.8396,91.842,85.0939,78.8282,93.9501,97.404,97.1001,92.3371,96.9487,83.2532,92.171,96.6121,80.2951,82.9211,74.2865,74.1773,74.1773,92.0664,81.3557,83.8846,93.8304,63.8936,62.1975,60.8087,63.3439,64.8724,51.0906,64.4174,72.153,72.3946,80.0733,69.9824,50.5788,57.7723,100.8827,129.6571,141.5013,143.2999,136.0431,136.1581,123.9806,129.6329,135.7529,128.4947,112.7117,103.9894,105.4159,109.3064,84.2721,86.8075],[79.7902,54.8376,77.5937,66.7901,61.9084,56.0511,79.6381,59.4995,68.5195,54.5328,75.6724,72.3559,59.4389,48.4476,45.2269,0,56.0967,50.1515,55.9924,74.4225,84.0892,83.0463,75.3883,61.5857,60.4941,76.7017,71.6813,80.6464,70.0655,70.3649,81.0769,90.6058,85.4546,89.3751,87.3134,86.104,85.0125,87.3814,93.3135,97.4461,85.0514,84.8645,95.2391,87.5702,86.5766,88.3738,80.761,67.1685,71.7304,91.1696,86.5722,101.1257,85.2361,87.0976,97.7648,101.9713,93.7768,98.1322,90.1585,78.606,93.8737,102.2231,102.2958,102.802,103.8863,88.5761,94.654,98.5226,87.3217,86.3393,78.5056,83.7468,83.7468,101.5264,90.299,89.9472,80.932,71.7052,61.4144,59.8761,62.6368,73.4507,64.0147,73.2561,71.5357,73.0375,78.9572,65.8678,51.5368,60.6349,99.159,125.265,143.2469,144.7252,137.7256,137.7063,126.6364,131.956,137.9324,130.8082,115.3788,104.412,109.0359,102.9032,88.082,84.4003],[97.3217,76.6744,84.4365,74.192,84.0923,67.4159,71.35,51.7627,50.3971,61.8555,71.8087,74.2434,63.7497,53.7571,47.7767,56.0967,0,45.9464,43.7976,52.5265,66.8588,66.2661,61.6276,46.5967,49.6323,69.8767,61.7545,70.4046,68.5516,69.8571,72.875,84.4451,79.3099,82.7679,81.6492,81.1636,82.7245,80.761,87.4114,89.2329,78.251,77.8547,83.3365,80.1846,77.7802,81.5662,72.184,58.8255,58.4449,76.2436,71.2984,89.7952,73.7535,70.6471,84.2312,90.3217,78.6405,83.1083,84.4191,70.1811,84.0339,87.6826,88.8446,83.3686,84.5826,79.1511,80.6125,85.8929,70.6215,69.8099,63.8319,65.7251,65.7251,82.4589,71.8457,74.9798,88.2545,61.629,64.3467,57.038,54.5217,55.045,43.8204,57.5555,62.2492,61.8257,68.4814,66.1867,49.9758,53.429,97.1599,121.7439,132.6655,133.9773,126.6114,126.1854,114.8896,119.5502,127.1829,122.1705,103.9968,96.6675,98.8919,106.7256,77.9421,80.5786],[84.1514,63.2095,74.3291,74.2462,78.1667,62.4939,74.2642,55.0179,63.5884,64.4957,73.1024,74.5418,60.0195,54.74,49.0802,50.1515,45.9464,0,33.2511,61.2674,66.1352,67.4657,61.9762,53.984,48.2368,61.7205,58.0742,66.703,62.6226,62.4451,66.8197,77.6528,73.631,76.8156,75.3806,74.311,75.7492,75.4569,83.2135,85.4969,73.0938,72.2815,81.6843,75.2192,73.218,77.1742,70.1465,59.012,59.3319,75.401,74.1406,83.7826,74.0388,69.7533,83.0854,90.1019,80.5046,82.439,82.3017,67.4688,82.9932,84.2952,87.8594,85.7399,85.8497,78.1044,80.773,85.1537,74.0973,71.789,68.4355,69.3834,69.3834,87.4476,81.9507,75.6719,83.1093,62.5839,59.7357,55.0653,56.1631,62.3685,54.0337,61.5559,64.467,66.3899,68.5796,61.7561,46.0047,58.0624,94.0585,118.6289,131.2363,132.8283,126.1312,126.0638,114.2833,119.7276,125.6143,119.9405,103.2524,92.6882,98.0867,101.1015,72.0822,79.568],[78.4861,59.4486,73.363,66.5736,76.4735,55.8904,70.5029,47.3399,53.9907,59.6716,65.5509,72.6913,69.9477,58.5061,54.4213,55.9924,43.7976,33.2511,0,52.7076,60.5315,59.4722,54.591,49.8848,48.3269,67.0115,57.8887,64.992,50.7186,52.8166,60.1753,69.5318,65.4336,69.0927,67.2299,66.9728,68.9311,66.4425,76.6582,79.5235,63.9918,62.0856,72.9608,66.5042,64.0426,67.8175,66.5853,51.6536,50.9917,73.5203,67.0232,85.042,69.1126,64.2872,79.193,87.8907,77.0904,82.8525,81.6975,63.572,78.4287,80.9047,81.3021,80.5474,79.7657,71.003,73.1437,79.4356,67.5011,65.4386,61.3808,65.6486,65.6486,83.296,78.2281,74.1026,83.0626,65.9113,63.7148,56.3813,45.3447,56.7571,42.6161,53.4179,62.6166,58.1554,63.7272,59.4253,40.3883,54.9961,95.9739,118.0402,128.0586,129.3642,122.5017,122.1778,110.6545,116.2652,122.8428,116.9158,100.967,90.9471,94.3635,99.9797,74.707,75.9996],[112.6631,93.182,90.2144,85.6707,101.5558,75.471,80.6,54.5322,53.6331,76.2265,71.5411,72.4262,84.2991,75.5551,64.7433,74.4225,52.5265,61.2674,52.7076,0,32.597,33.6653,34.3886,34.7371,40.0891,54.2189,51.2744,50.9241,51.3412,50.5282,54.7014,65.5848,55.7142,53.351,52.2445,52.5951,56.8046,53.1625,56.7785,57.4994,50.1949,51.1972,48.9026,49.1501,50.2508,50.8433,50.8472,42.9267,36.4516,54.2946,45.7344,65.2945,45.6885,46.3083,55.9243,61.636,46.5368,57.4243,64.5227,51.2276,52.8115,60.9574,53.8266,54.5842,53.3677,49.4037,52.0623,57.4198,36.0421,40.9515,45.0606,50.3997,50.3997,64.727,56.2253,53.7105,81.3505,63.0446,71.9434,58.0233,54.4309,36.3847,35.9959,38.0913,56.1569,49.798,56.1649,57.4432,48.9665,51.9914,81.9954,105.9922,101.9849,103.6133,94.6173,94.8404,82.3717,91.4757,99.729,91.7117,77.9397,71.3451,74.7572,92.4484,69.8448,70.7499],[118.7585,102.1389,96.5866,91.7929,108.0983,79.1754,84.77,62.6788,60.9917,88.0768,80.8137,76.6484,94.7687,84.9582,77.7022,84.0892,66.8588,66.1352,60.5315,32.597,0,28.7297,29.9386,43.6835,39.2493,49.4676,45.5777,46.4038,48.8548,47.7819,51.2533,62.6949,51.8183,49.0514,47.4207,48.8347,52.2762,48.5712,50.4988,43.0225,40.0638,43.4999,38.8397,37.5533,41.703,41.1664,49.5687,46.156,35.789,46.6905,49.7075,52.731,36.0159,38.8098,46.1605,50.5306,33.4003,43.2115,53.6591,44.3166,43.7006,44.1296,42.2185,50.0241,47.139,44.3891,46.6945,47.9727,36.5814,39.8421,47.5004,51.3095,51.3095,54.9276,52.2133,49.8625,75.8767,59.7487,73.9605,56.1651,64.287,45.6794,47.6215,44.1031,61.6179,56.1118,51.7012,57.0181,57.7064,57.5843,71.392,93.891,84.8601,86.5,78.3826,78.276,65.6742,74.7207,83.3134,75.4822,62.7147,55.1389,60.1684,84.9914,61.5306,65.7474],[114.106,99.7288,92.025,88.0989,104.4722,76.2746,84.9691,63.4005,59.3199,86.293,77.1107,77.1602,96.0005,83.529,72.8233,83.0463,66.2661,67.4657,59.4722,33.6653,28.7297,0,21.5604,41.9145,44.0757,53.3948,44.8772,45.7431,49.4117,48.6065,50.1728,62.0873,52.1533,49.6915,47.1229,48.4938,51.951,48.6476,52.8184,48.8944,44.1576,44.7992,43.6328,40.8267,43.6076,43.3637,49.5288,45.2086,38.8359,56.2453,52.6932,57.4511,41.6356,41.6484,51.9563,55.5814,40.7094,51.4434,54.7205,49.2842,47.1543,54.4049,44.3481,48.2615,49.0003,43.7736,47.4409,49.9109,35.7463,46.874,46.9736,49.1333,49.1333,55.0315,54.4602,48.0902,76.1986,61.6292,71.3436,55.8133,61.7601,45.3299,40.9569,42.3757,56.1062,54.1929,54.0883,58.3488,57.2404,58.6206,78.1261,99.524,93.2789,94.5963,86.2118,86.29,72.9071,81.9857,91.0217,84.5627,69.5363,64.9097,64.833,84.9633,67.0081,60.9773],[108.5671,93.6495,88.2883,85.2656,98.1412,69.4488,81.0946,57.2225,57.0238,79.8706,73.2152,70.8449,89.7912,76.2588,67.094,75.3883,61.6276,61.9762,54.591,34.3886,29.9386,21.5604,0,37.6263,38.6803,55.0843,44.9525,48.1664,47.6476,46.5249,50.7203,66.1675,56.6256,53.1546,50.6463,51.35,53.9969,51.4576,57.1924,52.9181,46.9828,47.6521,49.189,42.134,46.2739,46.9065,50.4882,39.9891,37.2408,56.2877,54.8235,61.262,41.5839,43.1513,53.1627,56.4244,44.1495,53.793,50.7309,46.6335,47.0747,54.6565,48.4378,50.7799,52.8055,48.2771,52.4354,56.4056,42.7007,48.6724,42.3924,48.6891,48.6891,56.1644,53.699,50.8795,69.4027,57.2967,70.1643,52.9073,52.9606,43.1839,37.0267,39.106,52.9949,52.9726,53.9182,55.207,53.3072,54.0132,76.5518,99.3858,96.0712,98.452,89.3628,89.7296,77.0764,85.2979,94.9783,86.9219,70.9203,65.777,67.2267,83.417,63.3339,59.695],[103.6162,83.7723,77.8599,75.9015,88.8779,67.348,74.7495,52.7837,53.6563,64.3184,66.8658,68.9942,74.1425,58.6713,56.0364,61.5857,46.5967,53.984,49.8848,34.7371,43.6835,41.9145,37.6263,0,36.2106,48.3717,43.8661,45.1639,55.4825,55.045,58.5928,66.6158,57.9534,62.8254,60.9848,61.2017,63.131,62.0131,65.854,64.8073,58.0031,59.9472,62.3894,55.6855,59.4587,58.9927,52.8453,38.9906,36.7851,59.3245,54.9401,68.5778,49.0376,51.3388,59.7629,62.2968,51.192,59.334,56.8772,49.4322,57.0386,67.4237,59.2208,58.6608,61.7618,55.3874,57.9332,59.4252,45.8969,50.6398,43.6809,55.512,55.512,68.7521,54.4489,59.0107,69.1633,55.2045,56.5309,45.8752,53.7345,40.1686,37.4452,43.3463,52.5932,44.6439,50.3131,51.7303,46.2337,44.6061,78.5015,100.0541,106.0109,108.011,99.1,99.7597,88.4494,95.45,102.7756,93.9566,79.6431,72.4888,76.6445,87.737,68.1808,63.3346],[104.8299,85.5121,86.8049,79.9794,92.8714,66.4388,74.3089,51.4374,49.3406,70.9211,72.6139,66.6864,69.2156,59.6949,51.7965,60.4941,49.6323,48.2368,48.3269,40.0891,39.2493,44.0757,38.6803,36.2106,0,43.0845,37.2129,44.6917,48.4284,47.0518,51.9222,67.3892,58.0295,56.6566,55.1403,55.0367,57.7877,54.5097,60.4859,59.4088,51.518,52.0669,54.8487,50.4546,50.5525,52.9075,54.854,44.6698,39.354,53.1214,54.7328,60.3643,48.0438,48.8461,57.0643,61.6153,51.155,54.4377,59.3124,49.5959,59.0753,60.0955,60.6481,61.6481,61.1682,55.8535,58.8712,63.8823,51.2741,51.6476,48.8683,50.4021,50.4021,63.8898,53.9614,53.3663,74.8406,43.592,57.2668,45.2869,56.1625,42.1724,40.4909,44.3685,58.3913,53.7718,53.7502,50.2239,40.8653,44.2781,75.6461,102.8564,104.8982,106.6816,98.4578,98.5232,86.5043,92.718,100.8855,93.1865,78.3396,69.0722,72.8203,90.1377,55.2515,64.1241],[121.746,101.3434,90.6218,90.4827,108.0532,84.3573,79.6245,76.3514,75.9186,91.842,85.0691,81.2246,83.9932,76.5473,73.4735,76.7017,69.8767,61.7205,67.0115,54.2189,49.4676,53.3948,55.0843,48.3717,43.0845,0,45.9708,35.2788,65.6231,65.3668,66.4676,68.0721,58.4503,64.4371,61.7069,61.71,63.3486,62.522,63.3276,63.0784,62.2807,65.5738,64.0989,60.063,64.176,61.5522,59.737,58.1507,55.211,62.9821,57.7518,57.6098,55.2995,51.7193,57.8524,52.2592,52.1007,51.6687,59.3294,53.6007,59.1531,58.9216,57.0771,57.8745,59.2723,55.4176,56.4273,59.1542,54.6912,61.4621,61.2008,67.4391,67.4391,75.4962,66.8738,59.6273,78.614,60.2051,54.0777,50.6119,71.582,55.6541,64.3228,58.1452,69.4021,58.5857,54.3288,55.7113,59.5572,64.6192,78.2672,99.4924,97.5023,98.8587,90.9538,91.9797,81.2798,90.0852,96.5843,90.4217,77.2561,64.8132,77.8992,92.1216,60.2895,70.8042],[107.8719,92.4478,84.2317,84.3766,95.7034,71.3862,92.4956,64.7945,64.2111,81.6364,77.7556,74.9842,81.151,65.7632,64.5017,71.6813,61.7545,58.0742,57.8887,51.2744,45.5777,44.8772,44.9525,43.8661,37.2129,45.9708,0,27.7359,48.3741,48.723,46.2485,61.1124,53.868,56.1559,53.3097,53.8673,55.134,51.8117,56.506,51.7328,44.7518,46.2988,52.1265,45.6109,48.4554,47.3533,54.1869,50.4236,44.3617,58.279,62.317,51.9798,49.5544,48.7682,52.9772,58.5267,46.4707,47.9403,50.1867,50.1583,56.5066,64.2632,52.9332,55.6943,60.8844,51.1575,53.3382,56.2718,49.899,53.1558,51.4225,52.13,52.13,56.903,55.7405,47.4578,69.7294,48.6878,55.9833,43.7045,67.5669,51.2065,54.3009,55.6105,54.6293,54.0477,49.2006,51.9973,50.1517,49.1385,75.0222,93.424,98.475,99.8683,92.2387,91.3121,81.4467,86.2887,94.5407,84.9984,73.5914,66.3351,67.0365,87.9799,55.7649,56.6332],[116.9568,99.5579,84.1567,88.3895,104.3188,81.4702,90.2209,72.0475,71.1151,88.3939,78.1538,75.9229,88.6319,75.4628,74.4123,80.6464,70.4046,66.703,64.992,50.9241,46.4038,45.7431,48.1664,45.1639,44.6917,35.2788,27.7359,0,53.1586,54.846,48.4776,55.1956,45.202,50.3654,47.7259,47.848,50.0795,46.9173,49.0115,48.5823,47.9598,50.8917,49.5776,44.6608,48.9847,44.4543,52.8052,53.1167,47.3445,55.2116,52.1037,48.3249,44.8601,43.8708,45.4091,44.5931,40.6428,42.355,48.7557,48.6237,50.6975,54.9002,40.5734,42.6527,48.8876,41.1869,41.1735,44.2984,43.4399,50.4037,49.5265,56.2419,56.2419,60.7981,56.2392,46.2383,71.301,58.0607,55.5391,47.2544,70.2351,51.0393,59.4988,52.0935,57.9383,46.68,44.128,50.0163,55.8086,55.3128,72.0568,87.9129,88.4413,90.187,81.4105,81.5025,72.973,79.7028,87.1256,77.9116,67.5319,58.7257,64.532,85.5572,56.45,57.4536],[88.9203,76.8742,76.9754,72.8384,85.4781,60.7368,88.18,56.7308,62.0325,75.8675,72.6787,66.5329,86.7782,72.2943,70.3492,70.0655,68.5516,62.6226,50.7186,51.3412,48.8548,49.4117,47.6476,55.4825,48.4284,65.6231,48.3741,53.1586,0,14.9674,39.3771,45.6267,38.3147,32.9349,32.8404,33.3423,32.8107,33.6787,41.3103,47.713,31.6111,30.7451,40.0137,35.0989,32.1092,31.7855,58.1985,51.9252,48.8566,62.4137,62.0071,68.1424,50.0073,52.24,61.5752,68.4941,59.1824,67.4456,69.4637,55.2366,61.2109,65.5379,58.9433,64.8857,62.5389,49.2519,48.2689,56.2126,57.6303,49.1464,52.1687,54.5598,54.5598,63.8143,69.2446,59.7468,69.9501,66.1538,68.3404,53.3984,59.0701,61.2841,51.1945,49.6267,55.9835,48.2054,49.776,51.0085,45.9273,47.2957,76.8566,97.0863,102.2341,103.3898,97.4372,96.7379,85.8448,91.4948,97.673,90.6449,78.8035,69.7935,69.1702,87.4046,69.9176,63.0109],[90.0013,77.787,77.5757,73.8293,85.4573,59.349,89.3481,56.4425,61.3506,75.4205,74.1491,65.9836,85.7679,71.4348,69.717,70.3649,69.8571,62.4451,52.8166,50.5282,47.7819,48.6065,46.5249,55.045,47.0518,65.3668,48.723,54.846,14.9674,0,41.2402,47.5595,40.3524,34.3214,33.006,33.6783,33.7402,35.3033,41.1037,47.4159,32.8766,31.8575,40.6437,34.3759,33.0675,33.5392,56.0133,49.9053,47.7255,60.8067,62.8084,67.9504,49.2353,54.3981,62.9613,69.2119,59.0031,67.2463,68.207,54.586,59.8489,66.8386,59.6987,67.1528,64.8268,48.1832,51.2287,57.5075,57.5575,49.2258,54.9389,55.4443,55.4443,65.1397,68.7927,60.0772,69.8519,64.6927,69.4338,52.0242,60.7001,60.6765,50.9908,50.1968,57.8989,51.9844,52.2552,53.0621,47.5053,48.0936,76.2137,97.8089,101.928,103.2439,97.0142,96.3707,85.0396,90.8562,97.012,90.225,76.9889,69.2263,68.8085,87.1076,72.3411,65.6928],[106.8582,92.3465,82.3438,92.3062,94.1697,74.8128,96.1757,60.7682,61.0176,80.7936,79.437,69.8961,89.8067,81.2337,76.9079,81.0769,72.875,66.8197,60.1753,54.7014,51.2533,50.1728,50.7203,58.5928,51.9222,66.4676,46.2485,48.4776,39.3771,41.2402,0,40.0328,39.3614,43.4287,39.8564,41.5902,40.7831,35.6659,41.967,42.2609,34.7663,33.9273,38.8041,36.1174,31.4467,36.4022,47.0676,48.2,44.4382,46.1288,52.8789,57.41,46.9,44.9639,51.02,61.7984,51.1574,56.8613,63.1725,51.17,52.531,60.8719,52.588,54.764,55.4906,41.9051,43.6188,49.3952,49.793,43.5216,51.215,47.8795,47.8795,51.7169,56.0365,43.3524,69.5856,64.8449,72.0651,58.0771,67.9709,58.3046,54.6159,54.6535,46.0683,46.4568,51.3462,60.1309,52.5255,49.2632,69.9915,90.2158,96.1741,97.5862,89.4442,89.3596,79.8181,83.8295,90.1703,81.7168,74.0378,68.5653,62.9548,89.6672,63.3596,64.7927],[107.4223,94.1424,79.1269,87.4365,96.2078,81.3135,96.4581,72.1526,77.9249,88.5952,83.103,77.6396,99.0982,90.1808,90.6787,90.6058,84.4451,77.6528,69.5318,65.5848,62.6949,62.0873,66.1675,66.6158,67.3892,68.0721,61.1124,55.1956,45.6267,47.5595,40.0328,0,28.2166,41.9125,39.0578,41.0347,37.7595,37.9932,38.3816,46.2055,42.0566,43.0492,45.288,42.4526,43.6206,40.5104,56.1396,59.8812,57.8029,62.1848,60.0954,70.7182,57.9309,58.997,62.8825,67.035,62.5871,70.3965,78.5979,61.9549,60.4911,67.5651,55.9324,62.3268,59.0334,45.8404,40.9753,46.9124,59.8814,48.9177,63.3332,66.9366,66.9366,67.5745,73.3486,60.0458,74.0048,81.6047,74.6697,63.1053,81.506,74.9809,70.7101,67.394,62.538,49.3108,51.8255,64.6188,66.3291,62.6158,76.3588,90.0286,96.0753,97.3841,91.3752,91.6416,82.6658,88.0374,90.5478,86.2569,76.9053,71.5912,70.8524,99.2054,82.6548,75.8046],[108.3602,93.9143,79.0705,84.3935,99.1922,79.6354,92.1647,70.1924,73.8934,87.9291,81.3598,75.2463,97.1821,85.1833,85.7829,85.4546,79.3099,73.631,65.4336,55.7142,51.8183,52.1533,56.6256,57.9534,58.0295,58.4503,53.868,45.202,38.3147,40.3524,39.3614,28.2166,0,32.6987,30.7527,32.2817,28.9571,30.5765,31.7523,40.2126,37.2471,40.2175,37.5161,33.8236,35.6027,31.8875,54.0464,55.1198,52.2694,54.1279,56.0599,59.908,45.2349,46.9369,52.7296,55.6287,50.947,58.9752,68.3935,52.1314,52.3974,59.2662,47.7132,53.1097,47.2589,36.214,30.0768,35.0129,50.611,43.9766,52.246,59.0254,59.0254,63.3651,68.9569,55.2873,70.6976,75.7219,70.0319,57.2292,73.5585,64.759,63.0271,58.033,59.9873,42.0363,43.803,55.6185,59.9127,57.1134,69.6433,83.5867,86.155,87.1602,80.5982,81.1501,71.7583,77.2364,81.4126,76.9038,67.0543,59.966,61.4481,85.4987,71.196,65.2354],[109.0322,97.2938,85.6755,86.0723,105.132,80.6556,93.9911,71.4827,73.4479,92.2063,80.4261,76.1675,100.8549,90.0065,85.4201,89.3751,82.7679,76.8156,69.0927,53.351,49.0514,49.6915,53.1546,62.8254,56.6566,64.4371,56.1559,50.3654,32.9349,34.3214,43.4287,41.9125,32.6987,0,20.1712,21.7118,25.3805,23.9107,26.9591,40.099,34.7252,35.3765,32.1644,32.8648,31.949,28.0981,60.8995,60.9423,54.8757,59.6425,57.3593,62.2325,47.8683,51.2343,55.6328,59.2459,53.3458,61.3245,71.6719,58.0977,57.1075,57.5231,47.578,55.8903,51.2432,40.4592,37.6871,45.0399,54.6138,47.5572,57.3238,59.4732,59.4732,65.1245,70.8296,58.1949,79.8315,76.1257,77.6505,63.4339,73.5502,65.1486,62.3436,53.3532,64.868,53.9457,50.1374,58.8033,61.8741,60.0065,75.483,93.7136,88.5597,89.7368,83.8524,83.4385,73.0878,80.8523,85.281,79.6179,69.4902,61.4887,62.0815,90.8646,74.9023,70.0288],[107.7271,95.5984,81.2289,85.392,101.9681,76.9038,95.5399,69.7685,69.4932,89.501,78.3982,74.9186,100.9721,89.5609,83.5238,87.3134,81.6492,75.3806,67.2299,52.2445,47.4207,47.1229,50.6463,60.9848,55.1403,61.7069,53.3097,47.7259,32.8404,33.006,39.8564,39.0578,30.7527,20.1712,0,13.4639,18.7717,20.0878,24.9491,35.0455,30.9386,31.9043,31.2112,27.9756,27.553,24.4594,56.5527,55.6342,52.3492,55.1316,53.5268,58.8466,43.1835,47.9683,52.7122,54.2725,49.4909,56.8448,66.0629,53.1843,50.4559,56.9704,45.0083,54.3326,48.9868,35.9091,34.8781,41.4072,53.1629,45.4809,53.8229,58.254,58.254,61.1419,67.5519,54.2892,75.6594,73.6327,77.0493,59.1016,72.1384,61.7543,59.8294,51.0447,61.3968,51.7949,47.2704,56.9619,58.149,57.3049,67.6948,89.2463,84.984,86.2291,79.8292,79.7288,69.4702,75.578,81.4511,76.0775,65.1479,58.6632,57.5137,85.1336,71.034,66.8994],[105.9362,93.7022,81.8063,83.288,100.1026,75.655,93.7475,68.4569,69.9517,88.6714,77.8627,73.082,99.2342,87.6338,82.1132,86.104,81.1636,74.311,66.9728,52.5951,48.8347,48.4938,51.35,61.2017,55.0367,61.71,53.8673,47.848,33.3423,33.6783,41.5902,41.0347,32.2817,21.7118,13.4639,0,21.8663,24.1131,27.5727,38.965,35.0874,35.4376,34.5882,31.2841,31.1725,27.9186,57.6524,56.9592,53.2788,56.9611,53.5806,62.3956,46.1998,51.1419,56.9472,56.9989,52.9048,60.3931,67.6807,56.9188,54.4251,56.9768,47.5771,54.6759,50.4757,38.4362,36.8756,44.4173,54.3193,48.028,55.1299,57.6148,57.6148,62.2154,68.2504,55.8292,75.8871,73.5603,75.9976,60.3069,71.5494,63.2537,60.2845,51.6995,62.0533,51.2478,49.6104,56.6313,58.004,57.4531,70.9467,92.0479,89.325,90.6815,84.072,84.1459,73.7683,79.6317,86.1521,80.7781,67.4631,62.005,62.1674,86.8324,71.9072,67.2129],[107.2796,94.3167,78.2857,83.5849,98.5994,74.7097,95.2772,70.6212,73.5401,89.2929,79.6554,74.7931,99.7537,87.6604,84.5023,85.0125,82.7245,75.7492,68.9311,56.8046,52.2762,51.951,53.9969,63.131,57.7877,63.3486,55.134,50.0795,32.8107,33.7402,40.7831,37.7595,28.9571,25.3805,18.7717,21.8663,0,22.8135,22.9861,36.9359,34.0735,35.6734,35.6051,32.6112,33.182,27.7253,55.9617,56.2259,54.5241,58.3122,56.8311,62.7846,45.7448,49.2124,53.3842,56.8445,52.4118,60.4329,68.3397,53.7064,51.9827,61.5855,49.0819,57.6742,53.0899,36.1235,37.1058,41.5616,55.7497,47.7762,55.7714,60.1285,60.1285,65.3119,71.4789,56.4184,69.9552,76.0609,74.34,58.4313,71.6463,64.1894,62.8592,54.2483,59.6275,48.6171,47.2952,56.1629,58.1909,58.1433,67.2822,84.9619,86.5081,87.6732,81.578,81.8506,72.1058,77.6643,82.3328,77.4834,65.7196,60.4225,59.3158,84.8472,71.9216,67.0498],[110.3158,97.838,84.3311,88.1761,102.775,77.3998,96.8092,69.517,71.4609,91.0721,81.2,74.7948,100.0098,89.5011,83.2057,87.3814,80.761,75.4569,66.4425,53.1625,48.5712,48.6476,51.4576,62.0131,54.5097,62.522,51.8117,46.9173,33.6787,35.3033,35.6659,37.9932,30.5765,23.9107,20.0878,24.1131,22.8135,0,21.2459,34.8414,29.6731,30.1539,29.4229,28.9649,28.9555,24.5489,53.3079,55.6222,51.1824,54.8836,54.6321,57.4945,43.8608,46.6609,50.121,55.4048,49.9025,57.1626,67.47,52.6628,51.6256,56.1374,45.1833,52.1564,49.3971,33.5129,36.1857,42.3948,51.8683,43.47,54.2,56.8161,56.8161,60.975,66.6892,51.9987,72.2908,73.4893,77.1621,59.2858,71.7047,61.7389,60.7515,51.1651,58.5218,48.5536,48.7571,57.8003,58.3502,57.4743,70.7725,89.1706,86.653,87.9337,81.1058,80.9671,71.0796,78.1862,82.7895,77.4129,67.7188,60.6432,58.9584,89.9445,69.7983,67.2735],[119.6581,105.6316,89.0735,94.2297,107.1823,83.7739,100.7091,76.2714,76.5895,96.8383,86.9821,77.9113,105.2606,95.0251,91.5014,93.3135,87.4114,83.2135,76.6582,56.7785,50.4988,52.8184,57.1924,65.854,60.4859,63.3276,56.506,49.0115,41.3103,41.1037,41.967,38.3816,31.7523,26.9591,24.9491,27.5727,22.9861,21.2459,0,29.1104,33.4855,36.2091,27.8752,31.9711,35.4488,28.6957,52.3991,58.3991,54.4043,54.3747,54.5868,59.6719,45.4547,50.2127,49.9244,53.4402,48.4337,55.8226,67.5362,54.1315,48.3647,56.2434,42.5145,54.0801,50.2551,32.8719,34.5894,37.3332,52.2534,44.6262,60.3927,61.9855,61.9855,62.3293,67.633,52.1676,71.3001,76.7597,79.624,63.4177,79.2076,66.0176,68.731,58.3728,61.6667,51.9701,50.7029,62.8735,66.7848,62.4688,69.3447,84.1749,80.5429,81.8282,74.8342,74.7645,65.61,73.6616,77.6717,71.6153,62.4429,57.723,56.8516,89.9478,74.1551,70.6537],[127.4628,113.2565,95.993,102.6761,113.3722,88.2364,107.2682,80.8397,77.8332,102.2856,94.2791,82.518,111.9256,98.8636,95.5645,97.4461,89.2329,85.4969,79.5235,57.4994,43.0225,48.8944,52.9181,64.8073,59.4088,63.0784,51.7328,48.5823,47.713,47.4159,42.2609,46.2055,40.2126,40.099,35.0455,38.965,36.9359,34.8414,29.1104,0,26.9289,30.5379,24.6539,24.2622,31.6499,28.8223,50.9692,58.3215,53.9753,48.523,59.1045,49.843,38.1548,42.6647,39.1893,45.7505,37.1677,42.6542,57.3039,47.0404,35.9482,54.3132,38.0727,51.5985,46.418,37.0206,35.928,34.4679,48.8962,42.8363,55.3858,60.0887,60.0887,54.6182,61.3079,47.0594,68.0247,74.475,85.6833,64.6635,81.0614,64.4639,70.6523,63.4385,60.1729,59.1409,50.9346,66.3433,70.5718,63.19,60.8444,74.607,67.5237,68.637,60.7867,59.9066,50.2866,57.4957,65.108,57.3036,52.3475,46.8095,45.341,82.2684,66.6144,65.5436],[111.3765,97.9099,88.0592,90.3255,101.2136,75.4525,99.7045,67.8461,68.2864,90.9218,83.6422,76.4189,100.408,87.3204,82.6757,85.0514,78.251,73.0938,63.9918,50.1949,40.0638,44.1576,46.9828,58.0031,51.518,62.2807,44.7518,47.9598,31.6111,32.8766,34.7663,42.0566,37.2471,34.7252,30.9386,35.0874,34.0735,29.6731,33.4855,26.9289,0,15.5632,27.3033,22.6504,25.9073,23.9035,51.9779,53.3113,46.2902,55.3549,59.5118,54.6558,41.9965,43.4167,48.5579,56.8337,44.59,52.1836,61.8252,49.3697,48.4061,58.4263,45.5756,56.5525,53.2492,40.9168,41.2172,44.0773,48.3173,41.0331,50.5252,55.7853,55.7853,54.0503,62.1012,49.5957,70.417,69.2568,77.4072,59.0103,70.7271,61.1903,59.7191,56.436,56.7893,54.1929,49.6201,60.9157,57.888,55.7566,69.504,87.4026,86.1649,87.0638,80.0833,79.086,68.946,75.6802,82.3815,73.3334,66.9437,59.0613,58.8723,87.6175,64.5178,65.084],[107.9962,95.976,86.0922,89.7667,99.2812,72.8307,100.4271,68.4457,68.7852,89.0597,83.0922,76.8409,99.8853,86.9735,81.2814,84.8645,77.8547,72.2815,62.0856,51.1972,43.4999,44.7992,47.6521,59.9472,52.0669,65.5738,46.2988,50.8917,30.7451,31.8575,33.9273,43.0492,40.2175,35.3765,31.9043,35.4376,35.6734,30.1539,36.2091,30.5379,15.5632,0,28.8971,24.4272,24.4753,25.4576,51.8255,53.7669,48.095,57.8191,61.7287,57.604,46.3936,46.4576,52.5596,61.323,50.1704,57.6835,63.4355,51.9088,51.458,61.9588,49.6602,60.2426,56.931,44.2822,45.1788,49.5781,51.4889,44.1731,53.2607,56.6398,56.6398,55.9783,64.9199,52.3468,71.9619,70.1791,79.3926,60.4005,68.8651,61.5396,58.8349,56.3642,56.6149,56.4384,52.2217,61.2501,56.7546,56.6144,71.7633,91.9029,91.2245,92.3666,85.3958,84.3612,73.7341,79.6226,87.0767,79.0303,71.5049,63.5955,61.8482,87.9523,66.1822,66.1322],[122.9293,109.169,98.9457,100.8489,113.822,88.2381,103.492,74.791,72.8245,98.632,90.9583,78.8423,106.1292,95.3099,89.911,95.2391,83.3365,81.6843,72.9608,48.9026,38.8397,43.6328,49.189,62.3894,54.8487,64.0989,52.1265,49.5776,40.0137,40.6437,38.8041,45.288,37.5161,32.1644,31.2112,34.5882,35.6051,29.4229,27.8752,24.6539,27.3033,28.8971,0,23.5156,23.4008,21.1875,53.1695,58.6992,50.9975,48.7533,55.222,49.9409,38.0048,41.7583,42.865,51.0035,40.5109,49.316,63.4682,51.9203,44.5877,52.1439,38.5337,49.7123,44.0721,38.2602,33.9135,39.5497,44.7444,36.3813,51.8462,51.4684,51.4684,50.8171,60.4852,47.9957,76.6358,73.1459,84.8588,65.8054,77.5798,61.3616,62.7672,55.7274,61.3716,55.7175,52.3745,62.2133,65.7136,59.6294,70.845,86.8509,77.3167,78.3253,71.2975,70.4049,59.6079,67.0996,74.4969,67.571,60.5038,54.8686,51.5581,89.1556,69.2092,65.3665],[113.0975,99.9293,88.7725,92.1878,104.7086,78.6856,98.7812,69.6926,69.3581,90.7135,83.1453,73.2417,101.3019,87.9314,84.5938,87.5702,80.1846,75.2192,66.5042,49.1501,37.5533,40.8267,42.134,55.6855,50.4546,60.063,45.6109,44.6608,35.0989,34.3759,36.1174,42.4526,33.8236,32.8648,27.9756,31.2841,32.6112,28.9649,31.9711,24.2622,22.6504,24.4272,23.5156,0,20.8702,19.1401,50.7339,50.8246,45.2201,48.0564,56.2555,50.7845,36.2758,40.8475,42.6938,47.6514,39.4274,47.5333,55.615,45.9578,39.8435,52.4128,36.883,50.0151,44.7384,36.3206,34.1361,38.8053,45.7608,40.2004,46.7137,53.3411,53.3411,51.8218,59.0144,46.3554,68.2711,66.7529,78.3689,57.702,71.7894,58.8199,58.6815,53.4933,58.1329,52.0685,48.2409,58.8516,60.462,56.6243,63.8805,84.8672,77.1647,79.2973,71.3922,71.47,60.1111,66.9695,75.7772,66.7764,58.2093,51.2287,51.5571,81.9152,65.2961,62.4824],[109.212,96.821,88.7485,93.0176,103.6246,79.5895,98.9838,67.3714,65.0514,89.0739,83.4104,71.5627,99.1037,87.0205,82.4298,86.5766,77.7802,73.218,64.0426,50.2508,41.703,43.6076,46.2739,59.4587,50.5525,64.176,48.4554,48.9847,32.1092,33.0675,31.4467,43.6206,35.6027,31.949,27.553,31.1725,33.182,28.9555,35.4488,31.6499,25.9073,24.4753,23.4008,20.8702,0,18.9105,54.4508,54.7218,48.2418,49.0643,55.5826,51.7622,37.6694,40.7727,46.4553,54.3622,44.7073,52.9869,62.2479,50.3317,48.4036,54.4235,45.4001,52.3823,47.8434,41.3204,36.6069,44.6531,47.6384,39.9595,46.0628,48.1783,48.1783,49.6561,60.3247,48.0676,74.5629,67.1782,78.7166,60.3522,70.3433,59.0019,55.674,51.3201,57.1555,51.8365,49.9206,57.094,55.3536,53.2937,67.5526,87.9668,84.4243,85.6022,78.6855,78.4482,67.3643,71.8096,80.4422,73.1809,66.0036,57.6013,54.0148,82.5536,62.7453,61.6265],[112.553,99.5523,89.7405,90.598,105.1123,79.9589,99.4455,69.8891,70.6908,91.4449,83.0056,73.5217,101.3839,88.9576,84.7828,88.3738,81.5662,77.1742,67.8175,50.8433,41.1664,43.3637,46.9065,58.9927,52.9075,61.5522,47.3533,44.4543,31.7855,33.5392,36.4022,40.5104,31.8875,28.0981,24.4594,27.9186,27.7253,24.5489,28.6957,28.8223,23.9035,25.4576,21.1875,19.1401,18.9105,0,53.3544,55.023,48.4056,53.0128,55.3919,53.5652,38.2146,43.6297,45.466,51.2808,42.8222,52.4874,61.5949,51.1704,46.7019,53.4371,39.9959,51.0121,46.7496,35.8405,33.9898,39.5734,45.8291,39.5038,49.528,53.1862,53.1862,53.6006,62.5316,49.3429,72.3236,70.9195,77.8583,59.7893,72.554,60.1145,59.1992,51.9975,60.5554,50.146,47.7917,55.6017,57.9141,55.9631,67.1306,86.19,80.5152,81.732,75.2033,74.8489,64.8089,70.6304,77.9186,70.2262,63.4645,55.084,54.1256,84.4513,67.4288,63.6036],[117.6531,98.4929,83.2967,90.8593,91.0275,68.0818,89.518,63.7239,64.1168,80.3681,79.7951,75.2834,91.5312,82.0285,79.5476,80.761,72.184,70.1465,66.5853,50.8472,49.5687,49.5288,50.4882,52.8453,54.854,59.737,54.1869,52.8052,58.1985,56.0133,47.0676,56.1396,54.0464,60.8995,56.5527,57.6524,55.9617,53.3079,52.3991,50.9692,51.9779,51.8255,53.1695,50.7339,54.4508,53.3544,0,38.8862,41.1604,51.7838,51.4748,67.44,54.2935,54.699,57.4236,66.4109,53.9431,59.4909,58.3832,44.6606,42.6034,62.0172,54.8294,59.6937,62.8045,44.5185,57.2559,56.9601,46.573,48.5079,59.7298,62.1836,62.1836,65.5713,55.3594,47.5959,56.9867,67.3765,70.8159,57.4917,66.4627,55.2095,56.3568,55.3921,47.9393,52.4856,59.4794,64.2569,60.2941,60.3675,74.4633,95.2891,100.0789,101.9755,91.6632,92.3854,81.7148,90.3642,96.6338,88.2906,77.6531,73.4547,72.7848,90.3906,72.5387,75.6126],[103.8858,84.219,76.3958,77.7201,81.0133,57.7736,73.6838,45.0845,49.2742,61.5534,65.4546,69.708,80.2132,69.6052,66.3706,67.1685,58.8255,59.012,51.6536,42.9267,46.156,45.2086,39.9891,38.9906,44.6698,58.1507,50.4236,53.1167,51.9252,49.9053,48.2,59.8812,55.1198,60.9423,55.6342,56.9592,56.2259,55.6222,