var hData = {"corrMat":[[1,0.8928,0.7745,0.8964,0.8948,0.9015,0.882,0.8874,0.8655,0.8986,0.8975,0.8101,0.8926,0.8865,0.8917,0.8679,0.8485,0.8631,0.8663,0.8815,0.8921,0.8735,0.8656,0.8549,0.8692,0.8869,0.8451,0.8282,0.887,0.8856,0.7686,0.8705,0.8676,0.8757,0.8896,0.8819,0.8176,0.8759,0.8315,0.8734,0.8676,0.7463,0.8599,0.8633,0.7909,0.8634,0.7987,0.8173,0.8704,0.8602,0.8584,0.8818,0.8877,0.7622,0.869,0.8813,0.8289],[0.8928,1,0.7776,0.9026,0.9015,0.9087,0.8858,0.8945,0.8812,0.9118,0.9084,0.8083,0.8974,0.8969,0.9011,0.8783,0.8562,0.8756,0.8752,0.8862,0.9061,0.8784,0.8665,0.8582,0.8696,0.8943,0.8398,0.8328,0.8846,0.8939,0.7652,0.8776,0.8794,0.8768,0.8883,0.8842,0.8251,0.885,0.8335,0.8751,0.8723,0.7498,0.8641,0.8684,0.7947,0.8659,0.7939,0.808,0.8733,0.8661,0.8704,0.8807,0.8889,0.7628,0.8699,0.8863,0.8479],[0.7745,0.7776,1,0.7569,0.7539,0.7889,0.7557,0.7731,0.7858,0.7672,0.7801,0.8888,0.7896,0.7761,0.7764,0.7266,0.7313,0.7282,0.7251,0.7362,0.7434,0.7372,0.7355,0.7729,0.7588,0.7873,0.7979,0.7102,0.7913,0.7892,0.7188,0.7037,0.7388,0.7452,0.7819,0.7756,0.7008,0.737,0.7772,0.7283,0.7254,0.7616,0.7985,0.8321,0.8675,0.7703,0.837,0.8411,0.7435,0.7272,0.7737,0.7975,0.8153,0.8611,0.783,0.7535,0.7089],[0.8964,0.9026,0.7569,1,0.9363,0.9277,0.9119,0.9084,0.8743,0.9335,0.9246,0.7969,0.9134,0.9103,0.908,0.919,0.883,0.895,0.9194,0.9185,0.9284,0.9138,0.8848,0.8624,0.8982,0.899,0.8422,0.8484,0.8948,0.8986,0.7672,0.8979,0.8829,0.8984,0.9034,0.8939,0.8456,0.8974,0.8305,0.9111,0.8922,0.7421,0.8653,0.8641,0.7775,0.8929,0.7928,0.8094,0.8941,0.8836,0.8646,0.891,0.8948,0.7487,0.8904,0.9042,0.8483],[0.8948,0.9015,0.7539,0.9363,1,0.9242,0.9054,0.909,0.8741,0.9264,0.923,0.7969,0.9118,0.9093,0.9102,0.9036,0.8697,0.8864,0.9069,0.9129,0.926,0.9042,0.888,0.8639,0.8887,0.899,0.8439,0.8436,0.8987,0.8972,0.7705,0.8993,0.8837,0.9004,0.9089,0.8985,0.8402,0.8956,0.8291,0.9024,0.892,0.7389,0.8645,0.8614,0.7764,0.8835,0.7915,0.807,0.8935,0.8842,0.8651,0.889,0.8976,0.7455,0.8783,0.9014,0.8414],[0.9015,0.9087,0.7889,0.9277,0.9242,1,0.9036,0.9081,0.8888,0.922,0.9217,0.8276,0.9174,0.9133,0.9158,0.8917,0.8648,0.8915,0.8896,0.9046,0.9235,0.8938,0.8849,0.8751,0.8849,0.9067,0.8603,0.8442,0.9083,0.9139,0.7738,0.8875,0.8882,0.8924,0.9113,0.9074,0.8292,0.9,0.8515,0.8918,0.887,0.7609,0.8714,0.8762,0.8051,0.8779,0.8121,0.8354,0.8853,0.8762,0.8775,0.898,0.9064,0.7799,0.8843,0.9004,0.84],[0.882,0.8858,0.7557,0.9119,0.9054,0.9036,1,0.9181,0.871,0.9183,0.9167,0.802,0.9087,0.8985,0.8977,0.8982,0.8715,0.8816,0.9056,0.9074,0.9106,0.9093,0.8801,0.8561,0.8968,0.8998,0.8541,0.839,0.8992,0.8956,0.7718,0.8947,0.8775,0.9,0.9033,0.8939,0.837,0.8909,0.8273,0.9017,0.8813,0.7353,0.8731,0.8642,0.7766,0.8862,0.798,0.8104,0.8913,0.8755,0.8558,0.8962,0.8996,0.7579,0.8758,0.8888,0.8226],[0.8874,0.8945,0.7731,0.9084,0.909,0.9081,0.9181,1,0.8766,0.9199,0.9224,0.8166,0.917,0.9058,0.9062,0.8894,0.8653,0.8782,0.8983,0.9048,0.9124,0.9039,0.8819,0.8628,0.8948,0.908,0.8629,0.8386,0.9083,0.903,0.7742,0.8949,0.8811,0.9017,0.9127,0.9024,0.8326,0.894,0.8341,0.8968,0.8805,0.7398,0.8806,0.8754,0.791,0.8846,0.808,0.8216,0.892,0.8771,0.8617,0.901,0.911,0.7717,0.8778,0.8905,0.8236],[0.8655,0.8812,0.7858,0.8743,0.8741,0.8888,0.871,0.8766,1,0.8879,0.8913,0.8332,0.8739,0.8781,0.8791,0.8391,0.8236,0.8415,0.8522,0.864,0.8756,0.8534,0.8529,0.8593,0.8578,0.8859,0.8427,0.8033,0.874,0.8826,0.7609,0.8518,0.865,0.8576,0.8738,0.871,0.7995,0.8621,0.8272,0.8483,0.8427,0.7476,0.8569,0.8661,0.813,0.855,0.805,0.8197,0.8561,0.8528,0.8642,0.8665,0.8766,0.7758,0.8494,0.8603,0.8159],[0.8986,0.9118,0.7672,0.9335,0.9264,0.922,0.9183,0.9199,0.8879,1,0.9365,0.8156,0.9149,0.9101,0.9109,0.9128,0.8823,0.8935,0.9181,0.9161,0.9302,0.9135,0.8846,0.8671,0.9035,0.9104,0.8511,0.8518,0.9001,0.9033,0.7746,0.9044,0.8898,0.9041,0.9096,0.901,0.8471,0.8995,0.8353,0.9094,0.8917,0.7473,0.8804,0.8774,0.7876,0.8956,0.8006,0.8143,0.8953,0.8821,0.8719,0.8991,0.9015,0.7553,0.8922,0.9029,0.8497],[0.8975,0.9084,0.7801,0.9246,0.923,0.9217,0.9167,0.9224,0.8913,0.9365,1,0.8279,0.9251,0.9221,0.9215,0.9022,0.8737,0.8914,0.9073,0.9181,0.9327,0.9098,0.8892,0.8692,0.9011,0.9221,0.8712,0.8418,0.9172,0.9152,0.7741,0.9034,0.8957,0.9055,0.9245,0.914,0.8359,0.9095,0.8379,0.9029,0.8917,0.7438,0.8861,0.8854,0.7987,0.8904,0.8178,0.8265,0.9027,0.8894,0.8762,0.9033,0.9192,0.7816,0.8808,0.901,0.837],[0.8101,0.8083,0.8888,0.7969,0.7969,0.8276,0.802,0.8166,0.8332,0.8156,0.8279,1,0.8227,0.8134,0.8117,0.7589,0.7579,0.7639,0.7667,0.7816,0.7895,0.775,0.7801,0.8151,0.7987,0.8302,0.8329,0.7443,0.8269,0.8234,0.7491,0.7525,0.7809,0.7881,0.8219,0.8173,0.7362,0.7796,0.8132,0.7662,0.7642,0.7744,0.828,0.8573,0.8771,0.8056,0.853,0.8632,0.7837,0.7677,0.8125,0.8286,0.846,0.8536,0.8127,0.7898,0.7425],[0.8926,0.8974,0.7896,0.9134,0.9118,0.9174,0.9087,0.917,0.8739,0.9149,0.9251,0.8227,1,0.9221,0.9225,0.8933,0.8698,0.8886,0.8934,0.9022,0.9165,0.9041,0.8824,0.8645,0.892,0.9087,0.8681,0.8403,0.9156,0.9122,0.7764,0.8943,0.8842,0.9011,0.9182,0.9078,0.8299,0.9012,0.8412,0.898,0.8845,0.7508,0.8825,0.8785,0.8027,0.8838,0.8208,0.8353,0.8933,0.876,0.8657,0.905,0.9155,0.7915,0.8818,0.8965,0.8271],[0.8865,0.8969,0.7761,0.9103,0.9093,0.9133,0.8985,0.9058,0.8781,0.9101,0.9221,0.8134,0.9221,1,0.927,0.8951,0.8665,0.889,0.8902,0.9012,0.9156,0.894,0.8784,0.8594,0.8832,0.9056,0.8601,0.8351,0.9046,0.9053,0.7681,0.89,0.8837,0.892,0.9107,0.9016,0.8263,0.9022,0.834,0.8896,0.8804,0.7439,0.8714,0.8706,0.7936,0.8765,0.8129,0.824,0.889,0.878,0.8665,0.891,0.9028,0.7806,0.8713,0.893,0.831],[0.8917,0.9011,0.7764,0.908,0.9102,0.9158,0.8977,0.9062,0.8791,0.9109,0.9215,0.8117,0.9225,0.927,1,0.8832,0.8583,0.8815,0.8842,0.8995,0.9172,0.8901,0.8798,0.8626,0.8793,0.908,0.8593,0.8315,0.9075,0.9073,0.7681,0.89,0.8869,0.8905,0.9104,0.9025,0.8232,0.9022,0.8355,0.8885,0.8822,0.7431,0.871,0.8701,0.7935,0.8718,0.807,0.8215,0.888,0.8767,0.8688,0.8933,0.9047,0.7766,0.8697,0.8926,0.833],[0.8679,0.8783,0.7266,0.919,0.9036,0.8917,0.8982,0.8894,0.8391,0.9128,0.9022,0.7589,0.8933,0.8951,0.8832,1,0.9118,0.9116,0.909,0.8996,0.9058,0.9064,0.8669,0.8322,0.8805,0.872,0.8171,0.8666,0.8713,0.8699,0.7592,0.8856,0.8625,0.884,0.8853,0.8745,0.8506,0.882,0.8032,0.9017,0.8804,0.7295,0.8465,0.8383,0.7424,0.8737,0.766,0.7766,0.8762,0.868,0.8384,0.8692,0.8708,0.731,0.8804,0.8938,0.8423],[0.8485,0.8562,0.7313,0.883,0.8697,0.8648,0.8715,0.8653,0.8236,0.8823,0.8737,0.7579,0.8698,0.8665,0.8583,0.9118,1,0.887,0.8707,0.8691,0.8732,0.8751,0.8441,0.817,0.8552,0.8555,0.8096,0.8507,0.8529,0.8507,0.7618,0.8586,0.8455,0.8595,0.8589,0.8495,0.8373,0.8564,0.7906,0.8704,0.8551,0.7323,0.8364,0.8287,0.7448,0.8507,0.7682,0.7721,0.8543,0.8461,0.8271,0.8544,0.8538,0.7378,0.8581,0.8686,0.8265],[0.8631,0.8756,0.7282,0.895,0.8864,0.8915,0.8816,0.8782,0.8415,0.8935,0.8914,0.7639,0.8886,0.889,0.8815,0.9116,0.887,1,0.8712,0.8818,0.8981,0.8834,0.8584,0.8316,0.856,0.8697,0.8195,0.8583,0.8695,0.8749,0.76,0.8811,0.8656,0.8706,0.8789,0.8745,0.8324,0.8861,0.8172,0.878,0.8757,0.7367,0.8401,0.8308,0.7464,0.848,0.7671,0.783,0.8638,0.8548,0.8414,0.8631,0.8615,0.7354,0.8616,0.8844,0.8376],[0.8663,0.8752,0.7251,0.9194,0.9069,0.8896,0.9056,0.8983,0.8522,0.9181,0.9073,0.7667,0.8934,0.8902,0.8842,0.909,0.8707,0.8712,1,0.9141,0.9108,0.9148,0.872,0.8359,0.9029,0.884,0.8276,0.8241,0.8768,0.8781,0.7507,0.891,0.8691,0.8903,0.885,0.8707,0.8391,0.8836,0.8005,0.9097,0.873,0.7104,0.8529,0.8447,0.7482,0.8907,0.7722,0.7814,0.8852,0.8744,0.8376,0.8772,0.8766,0.7305,0.871,0.8795,0.8207],[0.8815,0.8862,0.7362,0.9185,0.9129,0.9046,0.9074,0.9048,0.864,0.9161,0.9181,0.7816,0.9022,0.9012,0.8995,0.8996,0.8691,0.8818,0.9141,1,0.9218,0.9076,0.8837,0.8524,0.8921,0.8962,0.8435,0.8333,0.8919,0.8913,0.7629,0.9001,0.8834,0.8945,0.8996,0.8885,0.8361,0.8968,0.8201,0.9035,0.8829,0.7223,0.8617,0.8546,0.7615,0.8794,0.7826,0.7998,0.8939,0.8859,0.855,0.8858,0.8916,0.7427,0.8675,0.8886,0.8252],[0.8921,0.9061,0.7434,0.9284,0.926,0.9235,0.9106,0.9124,0.8756,0.9302,0.9327,0.7895,0.9165,0.9156,0.9172,0.9058,0.8732,0.8981,0.9108,0.9218,1,0.9041,0.8882,0.86,0.8902,0.9077,0.8489,0.8426,0.8986,0.9008,0.7646,0.9081,0.8907,0.8983,0.9104,0.9031,0.8385,0.9144,0.8333,0.903,0.8923,0.7314,0.8635,0.8563,0.7655,0.8769,0.7854,0.8013,0.8951,0.8863,0.869,0.8884,0.8955,0.7399,0.8707,0.8979,0.8399],[0.8735,0.8784,0.7372,0.9138,0.9042,0.8938,0.9093,0.9039,0.8534,0.9135,0.9098,0.775,0.9041,0.894,0.8901,0.9064,0.8751,0.8834,0.9148,0.9076,0.9041,1,0.8854,0.8505,0.8977,0.891,0.8362,0.8393,0.8927,0.8925,0.7611,0.8957,0.8736,0.9054,0.9004,0.8885,0.8376,0.8865,0.8117,0.9065,0.8807,0.7216,0.8681,0.8551,0.7589,0.8858,0.7822,0.7936,0.89,0.8753,0.8443,0.8916,0.8913,0.7438,0.8738,0.886,0.8216],[0.8656,0.8665,0.7355,0.8848,0.888,0.8849,0.8801,0.8819,0.8529,0.8846,0.8892,0.7801,0.8824,0.8784,0.8798,0.8669,0.8441,0.8584,0.872,0.8837,0.8882,0.8854,1,0.8674,0.861,0.8776,0.8309,0.828,0.879,0.8827,0.7626,0.8756,0.8633,0.8871,0.8902,0.8876,0.8191,0.8732,0.8184,0.8719,0.8649,0.7291,0.8404,0.8372,0.7605,0.8524,0.7737,0.7914,0.8688,0.8673,0.8472,0.868,0.8781,0.7346,0.8486,0.8751,0.8141],[0.8549,0.8582,0.7729,0.8624,0.8639,0.8751,0.8561,0.8628,0.8593,0.8671,0.8692,0.8151,0.8645,0.8594,0.8626,0.8322,0.817,0.8316,0.8359,0.8524,0.86,0.8505,0.8674,1,0.8374,0.8628,0.8245,0.8118,0.8627,0.8683,0.7604,0.8405,0.8433,0.8606,0.8708,0.8706,0.7968,0.844,0.8286,0.8384,0.8362,0.752,0.8341,0.8425,0.7957,0.8399,0.7893,0.8128,0.8393,0.8381,0.8457,0.8545,0.8649,0.7544,0.8451,0.8585,0.8058],[0.8692,0.8696,0.7588,0.8982,0.8887,0.8849,0.8968,0.8948,0.8578,0.9035,0.9011,0.7987,0.892,0.8832,0.8793,0.8805,0.8552,0.856,0.9029,0.8921,0.8902,0.8977,0.861,0.8374,1,0.8948,0.8535,0.8152,0.8862,0.8842,0.759,0.8766,0.8662,0.8832,0.8876,0.8713,0.8239,0.8745,0.8125,0.8954,0.8619,0.7248,0.8669,0.8626,0.7777,0.8899,0.799,0.8097,0.88,0.8669,0.8434,0.8882,0.8875,0.7642,0.8709,0.8701,0.8075],[0.8869,0.8943,0.7873,0.899,0.899,0.9067,0.8998,0.908,0.8859,0.9104,0.9221,0.8302,0.9087,0.9056,0.908,0.872,0.8555,0.8697,0.884,0.8962,0.9077,0.891,0.8776,0.8628,0.8948,1,0.8854,0.8279,0.9165,0.9123,0.7738,0.888,0.8909,0.891,0.9108,0.8982,0.8174,0.8937,0.8315,0.8813,0.8761,0.7443,0.8877,0.887,0.8072,0.8772,0.8225,0.8302,0.8911,0.8793,0.8698,0.9001,0.9124,0.7936,0.864,0.8823,0.8215],[0.8451,0.8398,0.7979,0.8422,0.8439,0.8603,0.8541,0.8629,0.8427,0.8511,0.8712,0.8329,0.8681,0.8601,0.8593,0.8171,0.8096,0.8195,0.8276,0.8435,0.8489,0.8362,0.8309,0.8245,0.8535,0.8854,1,0.7821,0.8785,0.8703,0.7579,0.8292,0.8423,0.8409,0.8663,0.8572,0.7811,0.8446,0.8107,0.8323,0.8277,0.7336,0.8547,0.8617,0.8102,0.839,0.8287,0.8333,0.8463,0.8335,0.834,0.8673,0.8823,0.8124,0.8256,0.8332,0.7741],[0.8282,0.8328,0.7102,0.8484,0.8436,0.8442,0.839,0.8386,0.8033,0.8518,0.8418,0.7443,0.8403,0.8351,0.8315,0.8666,0.8507,0.8583,0.8241,0.8333,0.8426,0.8393,0.828,0.8118,0.8152,0.8279,0.7821,1,0.832,0.8292,0.7543,0.8379,0.822,0.8397,0.8414,0.8371,0.8081,0.825,0.786,0.8294,0.8344,0.728,0.8106,0.8024,0.7263,0.8131,0.7382,0.7535,0.8188,0.8146,0.806,0.8246,0.8239,0.7034,0.8346,0.8505,0.8135],[0.887,0.8846,0.7913,0.8948,0.8987,0.9083,0.8992,0.9083,0.874,0.9001,0.9172,0.8269,0.9156,0.9046,0.9075,0.8713,0.8529,0.8695,0.8768,0.8919,0.8986,0.8927,0.879,0.8627,0.8862,0.9165,0.8785,0.832,1,0.9189,0.7736,0.8837,0.8832,0.8965,0.92,0.9066,0.8122,0.8876,0.8309,0.8818,0.8779,0.7445,0.888,0.8857,0.8066,0.8739,0.8265,0.8366,0.8911,0.8759,0.8608,0.9054,0.9223,0.8025,0.8636,0.8816,0.8086],[0.8856,0.8939,0.7892,0.8986,0.8972,0.9139,0.8956,0.903,0.8826,0.9033,0.9152,0.8234,0.9122,0.9053,0.9073,0.8699,0.8507,0.8749,0.8781,0.8913,0.9008,0.8925,0.8827,0.8683,0.8842,0.9123,0.8703,0.8292,0.9189,1,0.7679,0.8789,0.8888,0.8887,0.9088,0.9047,0.8127,0.8958,0.8393,0.8795,0.8745,0.7484,0.8766,0.8788,0.8068,0.8711,0.8155,0.8323,0.8832,0.8723,0.8667,0.8981,0.9129,0.7983,0.8661,0.8824,0.8187],[0.7686,0.7652,0.7188,0.7672,0.7705,0.7738,0.7718,0.7742,0.7609,0.7746,0.7741,0.7491,0.7764,0.7681,0.7681,0.7592,0.7618,0.76,0.7507,0.7629,0.7646,0.7611,0.7626,0.7604,0.759,0.7738,0.7579,0.7543,0.7736,0.7679,1,0.7707,0.7641,0.771,0.7742,0.7707,0.7538,0.7589,0.755,0.7576,0.7622,0.712,0.7736,0.772,0.735,0.7595,0.7422,0.7511,0.7646,0.7557,0.7614,0.7764,0.7766,0.7129,0.7657,0.7698,0.7382],[0.8705,0.8776,0.7037,0.8979,0.8993,0.8875,0.8947,0.8949,0.8518,0.9044,0.9034,0.7525,0.8943,0.89,0.89,0.8856,0.8586,0.8811,0.891,0.9001,0.9081,0.8957,0.8756,0.8405,0.8766,0.888,0.8292,0.8379,0.8837,0.8789,0.7707,1,0.8886,0.8932,0.8904,0.8806,0.8332,0.8942,0.8118,0.8926,0.8821,0.7109,0.8586,0.838,0.7354,0.8606,0.7598,0.7748,0.8854,0.8757,0.8423,0.8737,0.8736,0.7105,0.851,0.8808,0.8231],[0.8676,0.8794,0.7388,0.8829,0.8837,0.8882,0.8775,0.8811,0.865,0.8898,0.8957,0.7809,0.8842,0.8837,0.8869,0.8625,0.8455,0.8656,0.8691,0.8834,0.8907,0.8736,0.8633,0.8433,0.8662,0.8909,0.8423,0.822,0.8832,0.8888,0.7641,0.8886,1,0.8715,0.8814,0.8754,0.82,0.8831,0.8204,0.8712,0.8704,0.7305,0.8529,0.8497,0.7666,0.8532,0.7761,0.792,0.8723,0.8689,0.8522,0.8703,0.878,0.7507,0.8453,0.8713,0.824],[0.8757,0.8768,0.7452,0.8984,0.9004,0.8924,0.9,0.9017,0.8576,0.9041,0.9055,0.7881,0.9011,0.892,0.8905,0.884,0.8595,0.8706,0.8903,0.8945,0.8983,0.9054,0.8871,0.8606,0.8832,0.891,0.8409,0.8397,0.8965,0.8887,0.771,0.8932,0.8715,1,0.911,0.8985,0.8277,0.88,0.8197,0.8886,0.875,0.7275,0.8651,0.8541,0.769,0.8734,0.7874,0.8017,0.8852,0.871,0.8491,0.8881,0.8935,0.7433,0.8644,0.8816,0.8176],[0.8896,0.8883,0.7819,0.9034,0.9089,0.9113,0.9033,0.9127,0.8738,0.9096,0.9245,0.8219,0.9182,0.9107,0.9104,0.8853,0.8589,0.8789,0.885,0.8996,0.9104,0.9004,0.8902,0.8708,0.8876,0.9108,0.8663,0.8414,0.92,0.9088,0.7742,0.8904,0.8814,0.911,1,0.9224,0.823,0.8927,0.8342,0.8874,0.8817,0.7442,0.8787,0.8783,0.7992,0.8767,0.8178,0.8301,0.8927,0.879,0.863,0.9006,0.9177,0.7804,0.871,0.8903,0.8176],[0.8819,0.8842,0.7756,0.8939,0.8985,0.9074,0.8939,0.9024,0.871,0.901,0.914,0.8173,0.9078,0.9016,0.9025,0.8745,0.8495,0.8745,0.8707,0.8885,0.9031,0.8885,0.8876,0.8706,0.8713,0.8982,0.8572,0.8371,0.9066,0.9047,0.7707,0.8806,0.8754,0.8985,0.9224,1,0.8165,0.8871,0.838,0.8755,0.8741,0.7456,0.867,0.8668,0.7938,0.8633,0.807,0.8244,0.878,0.8676,0.8601,0.8906,0.9075,0.7717,0.8612,0.8818,0.8144],[0.8176,0.8251,0.7008,0.8456,0.8402,0.8292,0.837,0.8326,0.7995,0.8471,0.8359,0.7362,0.8299,0.8263,0.8232,0.8506,0.8373,0.8324,0.8391,0.8361,0.8385,0.8376,0.8191,0.7968,0.8239,0.8174,0.7811,0.8081,0.8122,0.8127,0.7538,0.8332,0.82,0.8277,0.823,0.8165,1,0.8256,0.7824,0.8386,0.8298,0.7165,0.8005,0.7966,0.7234,0.8224,0.7415,0.7496,0.8254,0.8201,0.8043,0.8177,0.8156,0.7007,0.8197,0.8324,0.8052],[0.8759,0.885,0.737,0.8974,0.8956,0.9,0.8909,0.894,0.8621,0.8995,0.9095,0.7796,0.9012,0.9022,0.9022,0.882,0.8564,0.8861,0.8836,0.8968,0.9144,0.8865,0.8732,0.844,0.8745,0.8937,0.8446,0.825,0.8876,0.8958,0.7589,0.8942,0.8831,0.88,0.8927,0.8871,0.8256,1,0.8308,0.8865,0.8786,0.7257,0.8535,0.8468,0.7619,0.861,0.7847,0.8003,0.8819,0.8729,0.8562,0.8769,0.883,0.748,0.859,0.883,0.8231],[0.8315,0.8335,0.7772,0.8305,0.8291,0.8515,0.8273,0.8341,0.8272,0.8353,0.8379,0.8132,0.8412,0.834,0.8355,0.8032,0.7906,0.8172,0.8005,0.8201,0.8333,0.8117,0.8184,0.8286,0.8125,0.8315,0.8107,0.786,0.8309,0.8393,0.755,0.8118,0.8204,0.8197,0.8342,0.838,0.7824,0.8308,1,0.8102,0.8114,0.7526,0.8142,0.8197,0.7908,0.812,0.7821,0.8132,0.8083,0.7991,0.8254,0.8349,0.8365,0.7661,0.8231,0.8284,0.7828],[0.8734,0.8751,0.7283,0.9111,0.9024,0.8918,0.9017,0.8968,0.8483,0.9094,0.9029,0.7662,0.898,0.8896,0.8885,0.9017,0.8704,0.878,0.9097,0.9035,0.903,0.9065,0.8719,0.8384,0.8954,0.8813,0.8323,0.8294,0.8818,0.8795,0.7576,0.8926,0.8712,0.8886,0.8874,0.8755,0.8386,0.8865,0.8102,1,0.8815,0.7196,0.8568,0.8466,0.7515,0.8831,0.7769,0.7909,0.8856,0.8738,0.8433,0.8846,0.881,0.7346,0.8731,0.8839,0.8242],[0.8676,0.8723,0.7254,0.8922,0.892,0.887,0.8813,0.8805,0.8427,0.8917,0.8917,0.7642,0.8845,0.8804,0.8822,0.8804,0.8551,0.8757,0.873,0.8829,0.8923,0.8807,0.8649,0.8362,0.8619,0.8761,0.8277,0.8344,0.8779,0.8745,0.7622,0.8821,0.8704,0.875,0.8817,0.8741,0.8298,0.8786,0.8114,0.8815,1,0.729,0.8466,0.8391,0.748,0.852,0.7692,0.7827,0.8718,0.8654,0.841,0.8677,0.873,0.7321,0.8507,0.8782,0.8262],[0.7463,0.7498,0.7616,0.7421,0.7389,0.7609,0.7353,0.7398,0.7476,0.7473,0.7438,0.7744,0.7508,0.7439,0.7431,0.7295,0.7323,0.7367,0.7104,0.7223,0.7314,0.7216,0.7291,0.752,0.7248,0.7443,0.7336,0.728,0.7445,0.7484,0.712,0.7109,0.7305,0.7275,0.7442,0.7456,0.7165,0.7257,0.7526,0.7196,0.729,1,0.7411,0.7592,0.7609,0.7351,0.741,0.7579,0.7219,0.7145,0.7487,0.7496,0.7531,0.737,0.7557,0.7462,0.7272],[0.8599,0.8641,0.7985,0.8653,0.8645,0.8714,0.8731,0.8806,0.8569,0.8804,0.8861,0.828,0.8825,0.8714,0.871,0.8465,0.8364,0.8401,0.8529,0.8617,0.8635,0.8681,0.8404,0.8341,0.8669,0.8877,0.8547,0.8106,0.888,0.8766,0.7736,0.8586,0.8529,0.8651,0.8787,0.867,0.8005,0.8535,0.8142,0.8568,0.8466,0.7411,1,0.8875,0.812,0.8624,0.8282,0.833,0.8669,0.8449,0.8396,0.8883,0.8942,0.8058,0.8505,0.8502,0.793],[0.8633,0.8684,0.8321,0.8641,0.8614,0.8762,0.8642,0.8754,0.8661,0.8774,0.8854,0.8573,0.8785,0.8706,0.8701,0.8383,0.8287,0.8308,0.8447,0.8546,0.8563,0.8551,0.8372,0.8425,0.8626,0.887,0.8617,0.8024,0.8857,0.8788,0.772,0.838,0.8497,0.8541,0.8783,0.8668,0.7966,0.8468,0.8197,0.8466,0.8391,0.7592,0.8875,1,0.8417,0.8633,0.847,0.8506,0.86,0.8467,0.8519,0.8853,0.8991,0.8281,0.8552,0.8516,0.7987],[0.7909,0.7947,0.8675,0.7775,0.7764,0.8051,0.7766,0.791,0.813,0.7876,0.7987,0.8771,0.8027,0.7936,0.7935,0.7424,0.7448,0.7464,0.7482,0.7615,0.7655,0.7589,0.7605,0.7957,0.7777,0.8072,0.8102,0.7263,0.8066,0.8068,0.735,0.7354,0.7666,0.769,0.7992,0.7938,0.7234,0.7619,0.7908,0.7515,0.748,0.7609,0.812,0.8417,1,0.7905,0.8358,0.8432,0.7692,0.7566,0.7986,0.8097,0.8242,0.8361,0.7951,0.7738,0.7338],[0.8634,0.8659,0.7703,0.8929,0.8835,0.8779,0.8862,0.8846,0.855,0.8956,0.8904,0.8056,0.8838,0.8765,0.8718,0.8737,0.8507,0.848,0.8907,0.8794,0.8769,0.8858,0.8524,0.8399,0.8899,0.8772,0.839,0.8131,0.8739,0.8711,0.7595,0.8606,0.8532,0.8734,0.8767,0.8633,0.8224,0.861,0.812,0.8831,0.852,0.7351,0.8624,0.8633,0.7905,1,0.8095,0.8175,0.8699,0.8553,0.8435,0.8776,0.879,0.7659,0.8741,0.8662,0.8108],[0.7987,0.7939,0.837,0.7928,0.7915,0.8121,0.798,0.808,0.805,0.8006,0.8178,0.853,0.8208,0.8129,0.807,0.766,0.7682,0.7671,0.7722,0.7826,0.7854,0.7822,0.7737,0.7893,0.799,0.8225,0.8287,0.7382,0.8265,0.8155,0.7422,0.7598,0.7761,0.7874,0.8178,0.807,0.7415,0.7847,0.7821,0.7769,0.7692,0.741,0.8282,0.847,0.8358,0.8095,1,0.848,0.7942,0.7764,0.7977,0.8249,0.8394,0.832,0.8044,0.7863,0.732],[0.8173,0.808,0.8411,0.8094,0.807,0.8354,0.8104,0.8216,0.8197,0.8143,0.8265,0.8632,0.8353,0.824,0.8215,0.7766,0.7721,0.783,0.7814,0.7998,0.8013,0.7936,0.7914,0.8128,0.8097,0.8302,0.8333,0.7535,0.8366,0.8323,0.7511,0.7748,0.792,0.8017,0.8301,0.8244,0.7496,0.8003,0.8132,0.7909,0.7827,0.7579,0.833,0.8506,0.8432,0.8175,0.848,1,0.7996,0.7854,0.8138,0.8393,0.8499,0.8295,0.819,0.8032,0.7463],[0.8704,0.8733,0.7435,0.8941,0.8935,0.8853,0.8913,0.892,0.8561,0.8953,0.9027,0.7837,0.8933,0.889,0.888,0.8762,0.8543,0.8638,0.8852,0.8939,0.8951,0.89,0.8688,0.8393,0.88,0.8911,0.8463,0.8188,0.8911,0.8832,0.7646,0.8854,0.8723,0.8852,0.8927,0.878,0.8254,0.8819,0.8083,0.8856,0.8718,0.7219,0.8669,0.86,0.7692,0.8699,0.7942,0.7996,1,0.883,0.8519,0.883,0.8899,0.754,0.8542,0.8748,0.8121],[0.8602,0.8661,0.7272,0.8836,0.8842,0.8762,0.8755,0.8771,0.8528,0.8821,0.8894,0.7677,0.876,0.878,0.8767,0.868,0.8461,0.8548,0.8744,0.8859,0.8863,0.8753,0.8673,0.8381,0.8669,0.8793,0.8335,0.8146,0.8759,0.8723,0.7557,0.8757,0.8689,0.871,0.879,0.8676,0.8201,0.8729,0.7991,0.8738,0.8654,0.7145,0.8449,0.8467,0.7566,0.8553,0.7764,0.7854,0.883,1,0.8558,0.865,0.8754,0.737,0.8428,0.8719,0.8168],[0.8584,0.8704,0.7737,0.8646,0.8651,0.8775,0.8558,0.8617,0.8642,0.8719,0.8762,0.8125,0.8657,0.8665,0.8688,0.8384,0.8271,0.8414,0.8376,0.855,0.869,0.8443,0.8472,0.8457,0.8434,0.8698,0.834,0.806,0.8608,0.8667,0.7614,0.8423,0.8522,0.8491,0.863,0.8601,0.8043,0.8562,0.8254,0.8433,0.841,0.7487,0.8396,0.8519,0.7986,0.8435,0.7977,0.8138,0.8519,0.8558,1,0.856,0.8668,0.7676,0.8441,0.8567,0.819],[0.8818,0.8807,0.7975,0.891,0.889,0.898,0.8962,0.901,0.8665,0.8991,0.9033,0.8286,0.905,0.891,0.8933,0.8692,0.8544,0.8631,0.8772,0.8858,0.8884,0.8916,0.868,0.8545,0.8882,0.9001,0.8673,0.8246,0.9054,0.8981,0.7764,0.8737,0.8703,0.8881,0.9006,0.8906,0.8177,0.8769,0.8349,0.8846,0.8677,0.7496,0.8883,0.8853,0.8097,0.8776,0.8249,0.8393,0.883,0.865,0.856,1,0.913,0.8023,0.8723,0.8762,0.8079],[0.8877,0.8889,0.8153,0.8948,0.8976,0.9064,0.8996,0.911,0.8766,0.9015,0.9192,0.846,0.9155,0.9028,0.9047,0.8708,0.8538,0.8615,0.8766,0.8916,0.8955,0.8913,0.8781,0.8649,0.8875,0.9124,0.8823,0.8239,0.9223,0.9129,0.7766,0.8736,0.878,0.8935,0.9177,0.9075,0.8156,0.883,0.8365,0.881,0.873,0.7531,0.8942,0.8991,0.8242,0.879,0.8394,0.8499,0.8899,0.8754,0.8668,0.913,1,0.8243,0.8717,0.8812,0.8086],[0.7622,0.7628,0.8611,0.7487,0.7455,0.7799,0.7579,0.7717,0.7758,0.7553,0.7816,0.8536,0.7915,0.7806,0.7766,0.731,0.7378,0.7354,0.7305,0.7427,0.7399,0.7438,0.7346,0.7544,0.7642,0.7936,0.8124,0.7034,0.8025,0.7983,0.7129,0.7105,0.7507,0.7433,0.7804,0.7717,0.7007,0.748,0.7661,0.7346,0.7321,0.737,0.8058,0.8281,0.8361,0.7659,0.832,0.8295,0.754,0.737,0.7676,0.8023,0.8243,1,0.764,0.7458,0.6981],[0.869,0.8699,0.783,0.8904,0.8783,0.8843,0.8758,0.8778,0.8494,0.8922,0.8808,0.8127,0.8818,0.8713,0.8697,0.8804,0.8581,0.8616,0.871,0.8675,0.8707,0.8738,0.8486,0.8451,0.8709,0.864,0.8256,0.8346,0.8636,0.8661,0.7657,0.851,0.8453,0.8644,0.871,0.8612,0.8197,0.859,0.8231,0.8731,0.8507,0.7557,0.8505,0.8552,0.7951,0.8741,0.8044,0.819,0.8542,0.8428,0.8441,0.8723,0.8717,0.764,1,0.8809,0.828],[0.8813,0.8863,0.7535,0.9042,0.9014,0.9004,0.8888,0.8905,0.8603,0.9029,0.901,0.7898,0.8965,0.893,0.8926,0.8938,0.8686,0.8844,0.8795,0.8886,0.8979,0.886,0.8751,0.8585,0.8701,0.8823,0.8332,0.8505,0.8816,0.8824,0.7698,0.8808,0.8713,0.8816,0.8903,0.8818,0.8324,0.883,0.8284,0.8839,0.8782,0.7462,0.8502,0.8516,0.7738,0.8662,0.7863,0.8032,0.8748,0.8719,0.8567,0.8762,0.8812,0.7458,0.8809,1,0.8481],[0.8289,0.8479,0.7089,0.8483,0.8414,0.84,0.8226,0.8236,0.8159,0.8497,0.837,0.7425,0.8271,0.831,0.833,0.8423,0.8265,0.8376,0.8207,0.8252,0.8399,0.8216,0.8141,0.8058,0.8075,0.8215,0.7741,0.8135,0.8086,0.8187,0.7382,0.8231,0.824,0.8176,0.8176,0.8144,0.8052,0.8231,0.7828,0.8242,0.8262,0.7272,0.793,0.7987,0.7338,0.8108,0.732,0.7463,0.8121,0.8168,0.819,0.8079,0.8086,0.6981,0.828,0.8481,1]],"countMatrix":[[93,537,210,1315,1597,969,612,489,1046,3340,730,202,237,562,101,929,76,0,1030,210,485,516,12,123,212,70,0,182,0,0,0,40,0,0,114,120,0,222,140,50,123,0,0,291,0,1708,756,497,25,213,0,30,353,187,65,414,0],[0,0,179,6,0,0,0,0,0,202,0,0,0,128,15,0,0,0,0,0,0,0,194,61,0,0,0,0,101,0,0,0,0,278,208,363,0,0,0,86,0,0,0,0,0,0,426,0,0,0,0,0,0,0,26,0,0],[19850,24286,7026,39288,26004,33734,33858,36129,35554,70324,68394,9232,46014,42032,46415,44510,17861,21186,36446,42479,54244,49836,26554,21991,38556,33536,27151,12731,58477,50576,15038,25167,28027,22431,55571,41538,9799,68914,43965,39024,28553,20996,27748,20059,19367,38197,23053,21224,28429,19878,156051,27313,39468,10381,24033,24814,28350],[0,0,190,140,0,0,83,31,248,0,0,362,0,93,167,128,48,24,0,21,25,0,30,0,0,96,168,108,23,0,0,0,0,32,0,39,25,23,0,64,0,21,53,70,862,51,0,32,0,0,220,51,0,0,204,0,0],[74,25,1052,17,0,0,0,0,0,226,98,730,72,0,495,0,0,0,0,0,171,0,0,1194,0,101,0,0,1282,58,0,0,396,202,0,0,0,31,0,0,0,0,292,482,849,286,1405,0,331,1246,0,0,153,0,0,0,0],[0,50,1107,0,0,0,82,184,0,168,184,1013,573,0,137,0,0,0,0,0,0,77,0,1308,0,248,244,0,102,648,0,0,0,23,157,76,0,0,0,0,0,0,147,0,302,0,554,68,88,0,0,174,133,140,0,0,0],[5280,12238,16977,11905,6828,41603,15825,11959,11985,28068,22855,8132,23922,10405,10200,23194,5503,13598,26119,6940,20262,27370,6750,10034,11120,31599,18733,10106,9624,38579,13090,20087,10962,20399,9784,17990,2240,58658,18714,14406,8222,34017,61769,18601,26477,12390,28387,14435,11699,3351,48792,26817,12033,22267,6503,5231,10511],[0,0,31,23,0,0,0,0,0,0,0,87,0,0,0,0,12,0,0,0,0,0,0,0,0,0,0,0,0,0,0,0,0,0,0,0,0,0,0,0,0,0,0,0,0,528,0,0,0,0,0,0,0,108,75,0,0],[0,445,200,226,0,373,52,277,0,750,202,1073,0,130,320,101,0,0,43,200,0,454,110,0,101,0,0,103,274,101,0,0,0,491,0,369,371,0,0,0,0,0,2129,1123,28,875,0,99,0,0,5576,143,6,87,0,0,0],[422,122,1523,153,16,102,483,348,274,209,799,549,0,458,402,196,0,24,259,198,290,0,2057,0,96,0,714,0,175,258,0,200,202,575,735,3015,0,668,3830,733,0,0,30,231,1016,496,443,1867,0,0,0,323,643,301,210,0,0],[55831,160965,48024,167816,134965,238789,77318,103403,174894,386482,157479,68734,118179,162046,127194,157475,55661,126148,100884,82288,163245,153211,219157,440619,102757,247916,111392,139335,155418,309939,59553,99033,118567,235167,279111,289361,78583,251874,287636,47923,69161,42766,131488,59098,134210,156712,84059,111571,58323,66864,1140341,68148,70163,28360,124251,134172,181832],[138,200,3560,112,0,353,24,337,363,409,665,1176,472,265,425,161,51,35,0,396,343,42,30,1046,360,210,280,0,1094,735,0,0,58,161,534,91,37,0,924,0,0,1246,1490,611,881,81,1841,805,0,20,2019,388,682,3030,278,0,0],[343,483,1349,472,301,473,253,651,74,1703,177,863,458,102,101,168,180,497,993,704,369,202,84,40,364,606,1212,0,499,688,0,197,101,0,570,342,271,474,770,1297,0,142,0,283,784,312,1544,0,116,330,1051,344,382,1795,69,116,1933],[13202,23520,4487,22608,19758,17416,17328,20097,17399,48715,41836,5845,25299,14505,17304,22664,13543,18143,22615,21708,42929,34730,14294,14437,18085,42539,17988,1997,22013,48285,6945,21913,26530,26346,32853,27192,12338,74637,24952,19149,23707,4798,9828,9876,4378,18520,9381,11658,24165,13975,69618,19795,20771,2451,9646,12090,9963],[82261,97552,10217,192172,112941,103052,101022,105712,132839,344643,314236,22714,112902,120793,112806,119527,36151,60654,138860,127080,251076,168630,101505,125934,144290,270801,108029,34985,132770,230638,47635,86973,131361,120200,143074,138402,99028,234809,46541,112246,170975,25701,129205,73889,33013,135413,62823,55920,123936,68765,529763,94241,108787,12375,60339,59266,137913],[28740,47817,5994,26472,16860,15850,13300,22747,44339,61381,44253,11127,13514,20183,21579,31139,8904,16886,22253,15009,37561,35684,54167,39824,15123,43597,9424,3063,26784,41098,3313,14164,21708,36043,39305,40146,10530,62393,43872,12033,17728,3078,33442,15083,20990,19090,6725,20376,16228,19870,135793,21021,23963,6072,11095,8245,14519],[0,0,80,0,0,0,0,0,0,0,0,0,121,22,0,0,0,0,0,0,0,0,0,0,0,0,0,0,0,0,0,0,0,0,0,0,0,0,0,0,0,0,0,0,0,0,0,0,0,0,0,0,0,0,0,0,0],[2863,5151,2701,2888,2380,2959,2236,2634,3676,5636,6593,1550,5490,4200,4897,3450,1761,2417,916,1256,2055,3123,2552,6595,710,2154,1454,641,1985,3046,1998,4246,4854,4034,4720,7539,5673,5287,8840,3115,3476,4403,5565,2252,5698,3885,2422,5630,3089,1860,28246,3286,5256,960,2816,4085,2954],[106867,169350,56433,183109,136667,178813,81508,103953,322867,384970,233845,85769,97899,108232,113487,136981,56248,79031,111013,111686,204701,135626,176239,271426,80604,189039,89083,115877,184837,266125,49557,94600,100115,164606,228352,274112,75432,253201,245900,69346,118103,76605,221815,133689,185481,131246,93900,122664,101151,79112,1332162,83682,104421,37490,70756,91694,114822],[3630,5437,4703,22255,15657,7652,22405,24569,4430,53657,24309,7541,23271,14330,9019,30801,11074,3089,25946,9712,31956,41486,16104,12750,22466,23735,9297,10398,12788,8106,15297,23152,5316,32437,31866,18912,4918,18322,13223,19406,15748,4765,66807,15046,8186,23505,19506,13581,16428,9487,32864,17106,17355,801,12011,4934,6841],[0,257,1277,0,147,404,163,0,0,0,0,1898,739,400,94,28,0,0,0,0,0,0,0,0,0,0,201,0,199,795,0,0,0,0,1009,0,0,0,0,0,0,0,0,416,2390,0,597,2290,0,0,4374,167,785,1408,0,0,0],[758,660,337,2296,2014,933,631,1093,872,3154,1249,1177,1219,33,702,2437,255,2480,1669,813,2008,2166,3244,1031,3389,1897,342,933,615,925,6328,1269,1005,3442,3549,2261,6676,4363,1856,744,2120,878,3242,1493,2362,3529,120,15,2452,1173,36,2495,660,0,3117,591,96],[73732,119041,31147,172829,149741,296926,60155,75407,211659,193270,229470,42952,223782,256950,203838,154368,58585,144360,56232,97741,256539,128719,194327,171717,87936,213453,108077,128735,195548,364435,50926,84921,114070,106067,314078,294988,77832,457097,268506,63981,123078,49226,95126,47490,63073,89150,109171,135458,78578,73745,954496,91782,95173,52056,70498,99012,135017],[0,0,0,0,0,91,0,0,0,62,0,273,0,0,0,0,0,0,0,101,0,0,0,0,0,0,47,0,0,116,0,0,0,0,20,0,0,0,0,52,0,0,0,208,0,101,0,0,0,0,0,0,0,0,0,0,0],[19726,29619,8158,37193,24142,49265,26933,33449,49030,76646,79744,9315,27566,29328,37113,42076,21914,20178,36727,28209,44803,61014,63827,80322,24792,57948,23702,39784,78151,122601,19865,24884,26316,57282,94273,155772,13643,59677,32277,19892,32845,2881,20824,12885,7784,33410,17325,12091,18142,25724,164946,25657,37636,7135,17580,21669,10630],[0,299,138,196,0,0,0,198,177,461,510,425,0,545,130,0,0,0,0,128,0,2,0,0,0,461,0,0,0,170,0,197,0,0,651,402,0,601,0,324,0,0,300,29,505,199,110,0,202,0,2134,456,11,0,25,0,0],[494,219,448,1375,577,266,57,0,0,1656,796,0,1225,638,484,708,48,418,800,698,439,501,0,1032,287,33,0,0,348,740,0,0,834,286,432,124,0,14,1095,961,1514,0,321,25,0,1449,1661,0,130,215,1056,522,228,810,304,36,92],[82,0,294,89,204,45,0,0,0,88,118,185,216,0,0,164,0,86,133,0,40,0,0,0,0,0,0,0,39,0,0,0,0,0,163,0,0,0,54,0,0,0,0,0,0,0,0,200,44,0,0,0,0,0,33,0,0],[97154,89407,11784,200051,139326,185045,138183,158087,107838,408116,390771,19260,170867,119579,127962,229483,81727,102635,251893,165649,218709,318325,241703,116498,213390,264831,143497,69154,386483,329898,47387,147344,140229,201776,327860,251731,118952,282115,63234,169957,193076,35038,142699,72783,27157,174710,75305,59448,127079,116072,668264,135467,167991,30910,84072,62818,86869],[52665,126060,9523,41457,30303,64558,39430,32890,126258,253613,125399,12074,47024,76119,78827,101938,47708,148581,21664,101159,107209,93149,69212,49135,47854,287964,86313,44852,181913,278410,24897,120181,107064,117147,157279,130217,34795,272168,60755,29699,140292,31853,83365,24864,23801,28401,20826,26669,58297,23736,191195,77240,56506,12027,14677,22851,91574],[303,919,5233,512,140,1902,1456,1082,202,1709,1311,3717,2359,2726,801,1865,913,2023,386,828,858,1396,322,3135,1261,3040,4620,405,1533,2350,35,201,275,1654,2382,3300,37,1195,9978,706,91,9296,2835,1689,5626,859,13558,4242,996,1147,21181,2793,8747,5319,1425,276,0],[0,0,42,0,0,258,0,0,28,189,223,0,23,0,0,292,269,0,25,0,57,0,0,33,0,23,0,242,26,0,0,0,0,44,0,32,0,0,500,0,24,0,301,0,437,48,0,200,0,0,40,202,542,980,79,30,0],[6186,10342,6287,9551,4778,16945,4218,6096,6455,18036,9237,4101,9604,2396,4684,7569,7517,8580,4969,4263,8684,8769,6273,7980,4982,12024,11592,13160,10992,26537,1494,5109,6178,5145,12615,11509,252,14940,27998,7140,7473,10501,4512,3048,10914,1483,5599,16277,6052,2630,47544,7966,6814,5255,8716,2525,3960],[0,252,817,28,0,1088,0,0,202,0,8,1185,0,242,202,0,0,0,0,0,0,0,0,2810,404,124,0,0,0,0,0,0,739,0,154,0,0,0,0,0,0,0,397,613,1162,1086,5613,0,0,0,25,574,312,202,720,0,0],[18962,35973,9901,40105,30425,20228,18758,21118,28433,84001,50233,13046,31023,33378,35096,35511,15458,15982,37086,23664,48852,27757,16758,22679,28829,33310,6489,14204,30738,18346,13083,26354,17344,31582,30839,30215,11138,32118,21711,23904,18113,7551,42552,12640,13768,26345,20909,9644,20414,6314,65296,19150,14929,2324,10205,11468,24207],[27241,40721,3842,74414,50014,51968,46466,37273,40275,159826,117752,8331,39126,38437,41299,82441,32495,32221,92320,93118,69741,85254,58444,56014,70185,94343,39598,13468,69469,95240,15812,35060,61323,58216,66454,63936,26519,67500,15934,51577,57243,6047,67949,36952,13045,69745,22277,21242,48435,34471,336285,42347,43984,5363,32433,33187,45999],[4180,7568,9652,4610,5657,3139,662,2262,4610,9530,3220,4899,4895,1922,2756,5000,1265,2208,1098,898,2521,1518,2405,2945,892,1407,376,1552,1503,2878,2996,1569,4941,1584,2447,2986,1872,2833,9430,1542,5514,5231,2753,860,9339,1094,1826,1985,510,372,7720,1673,3201,1105,4241,2098,7449],[0,180,70,184,0,0,0,184,10,0,44,0,93,262,308,187,32,0,0,0,28,0,36,0,93,666,0,0,24,86,0,0,0,0,102,86,0,0,0,0,0,0,121,12,0,0,0,417,0,0,12,175,0,110,0,3,0],[232,28,399,0,37,659,0,626,202,682,902,2373,56,820,675,387,0,34,200,229,195,0,0,0,201,92,2159,23,388,1004,6572,0,661,1034,647,26,0,394,0,0,0,0,896,211,993,0,2942,419,401,0,117,514,24,2961,124,0,0],[82824,91343,8019,154608,110693,112677,78414,81007,62461,199158,297596,9578,85715,67620,68047,127149,30393,52859,118596,123928,196913,150921,134912,55412,100003,150415,86743,45971,164583,198902,29125,74226,125260,125363,169667,189717,58556,235442,25002,95799,113259,22265,98590,57174,17609,88378,61545,35390,83753,102973,544378,85596,112545,20007,36989,39758,47427],[100894,110338,21879,193918,186716,226949,93626,135337,191199,292062,412097,54080,185914,199629,198996,157834,44324,66620,122364,223761,265460,131546,238588,249196,109669,213335,156223,80620,274807,119673,105746,146291,141514,194517,474626,488459,126843,405878,247159,108472,154046,16507,192463,108722,60976,144576,141817,140053,104836,108462,1445824,93253,180363,16276,57197,69860,54836],[0,515,15,875,0,811,2250,1317,619,0,0,0,915,482,1111,63,0,0,1611,2131,3635,0,1225,1988,206,0,0,26,1322,2146,0,330,379,539,607,2300,0,3008,0,279,0,0,70,91,0,0,79,0,522,651,37,0,0,0,25,694,0],[1229,1464,1748,3009,1887,1249,2681,2840,1043,3979,5438,1163,2985,1556,1756,3686,969,2697,889,2562,4041,1949,1750,1264,2567,6232,4956,1807,2909,2773,0,2818,3152,1254,5172,5836,0,2931,2410,2074,1565,2782,5059,3060,2460,3986,1548,0,1285,261,5415,2532,2348,1148,1100,1371,517],[260,0,1766,0,95,1121,433,123,209,1341,483,2104,1338,465,163,58,0,0,0,102,0,281,0,362,110,550,705,46,506,1935,0,0,600,306,1320,689,0,0,43,0,585,42,541,1361,1879,1443,3432,1865,0,3,0,0,427,1007,252,259,0],[3977,5316,3662,11785,6406,9981,5014,5214,1956,9989,6015,3785,5403,5234,3654,9923,2550,2586,9179,4687,8439,8049,6920,4582,4902,4698,3487,370,6078,7204,80,4001,2869,3346,5830,10569,3628,5814,849,5699,6310,1420,3499,3045,4685,12788,5926,2622,3932,6088,19773,1844,5280,3259,3549,1284,6220],[3421,3854,1272,8508,6502,11464,3055,2755,16070,16575,4732,3676,5257,4886,6793,15034,3086,2911,4849,2863,4490,3510,7410,10608,5715,9334,1637,6148,6412,10905,599,1203,3032,6138,7102,14667,4426,4305,2527,5995,3376,1742,5605,5352,7978,8271,704,1884,1795,744,29506,1850,1399,1734,7403,6844,13396],[690,452,1860,0,108,202,0,495,402,1196,1075,1460,397,724,826,36,120,0,117,201,404,0,801,587,1006,1304,194,0,391,2472,0,404,0,0,1237,533,0,0,4746,0,0,3082,2340,1063,3107,731,4822,2833,1241,575,4,400,800,4741,0,159,0],[0,0,174,0,438,98,0,0,174,309,966,134,138,165,57,81,0,0,187,570,231,98,423,0,0,0,53,0,428,1400,0,60,0,364,824,404,38,0,0,0,0,0,0,232,0,268,502,0,0,0,747,0,513,314,0,988,0],[0,0,200,0,0,0,0,302,604,0,130,356,0,199,180,0,38,128,0,174,0,0,0,0,0,404,0,0,0,0,0,0,0,0,147,0,0,212,936,0,0,0,518,0,988,0,0,582,0,0,0,201,202,1199,0,70,0],[207,633,597,769,307,404,470,498,88,2168,1152,434,484,455,573,3016,768,278,468,358,708,225,543,366,164,134,591,178,516,860,792,72,34,705,484,613,265,414,315,127,0,0,391,223,564,444,798,28,154,54,1457,540,188,2439,939,240,31],[0,0,234,44,90,156,13,0,0,161,522,481,54,80,0,315,173,18,197,25,8,5,0,134,0,767,0,37,39,31,11,0,0,0,41,72,0,0,5,0,270,0,288,65,489,0,1431,499,18,0,44,0,0,5,2,5,447],[0,0,84,88,211,44,0,0,0,20,89,6,64,0,0,0,0,0,0,109,0,0,1285,0,0,0,0,0,0,459,135,84,0,392,26,8,0,0,0,0,0,0,0,0,75,57,0,0,0,0,146,97,219,0,64,160,0],[73,0,318,0,0,0,0,0,0,0,0,0,0,0,51,0,0,30,0,0,0,0,0,0,0,0,0,0,137,0,0,0,0,0,0,0,0,0,0,0,0,0,107,76,0,0,154,138,1,16,0,21,0,99,0,0,0],[1869,1922,0,7557,5350,1598,3777,4888,618,11656,16366,0,3564,2596,3421,5062,4736,1297,10012,5454,6593,11283,2255,396,7055,7882,2379,971,3057,3814,0,8043,5637,4480,2397,2815,865,10591,0,6516,2677,0,4340,2341,439,7008,866,0,5013,5749,12333,3829,6692,302,1364,1767,2783],[164,98,1006,92,0,340,442,20,117,191,1094,1449,331,511,299,65,0,0,244,0,299,1346,0,129,58,267,201,0,201,100,0,0,320,252,2335,761,0,1518,3369,35,0,0,804,882,2478,20,1777,646,404,20,0,572,569,844,350,927,0],[8,1479,4683,481,374,1243,569,1302,2786,857,819,1362,1787,2164,2419,2210,507,1421,965,362,459,55,5640,3379,0,1058,1208,253,854,6064,3334,0,401,1200,856,2143,63,2891,0,304,657,56,1330,98,4033,202,7363,945,1224,155,6267,1072,845,4009,158,631,70],[3569,2113,1105,3805,2472,3321,2319,4512,2599,10114,10724,1073,5802,3132,5854,7266,6157,3516,5380,4632,5422,3392,2847,8074,1195,3957,3920,1566,3113,6182,0,1374,1189,5721,3364,5708,9525,6223,5380,3621,8025,4,15064,7189,3098,3568,3119,421,5602,4339,7816,1556,5094,744,2860,1850,2685],[1397505,1866381,70751,2081045,1873274,1625065,1269347,1957672,2817818,6467149,3981686,445776,1383450,1559901,1806550,2787030,726525,1104268,1202883,753711,971518,3037593,1667205,3070122,1814554,1919055,907323,365823,2663898,2522149,27345,1073169,2298939,2264821,2728287,3185506,1290089,4159909,2285481,4048725,3074253,1827823,4368667,2198514,1095738,2950624,1259386,1626522,2105455,389805,10051838,1310948,1638889,213453,263757,644993,770474],[2321,1398,5924,4775,1749,2720,1430,2489,4114,3130,3544,3650,901,2581,1438,4241,3519,1180,1137,1773,1371,2206,329,4095,2557,2731,3366,1549,2308,3685,1255,382,890,2582,3951,3151,182,397,2699,390,1080,3431,3723,3291,7968,778,8054,3213,1385,438,8566,604,2401,3981,1767,492,164],[2638,1489,1246,2426,2539,780,1109,1594,140,5268,5857,687,2593,3674,2731,7806,1245,7451,1411,1881,1684,2567,5191,1161,3463,3406,1194,1654,1816,1959,0,1094,2804,2592,4177,2794,0,2515,100,1969,1393,0,651,1258,627,339,2567,1081,3518,1960,3996,2083,1378,969,551,525,2423],[15,112,0,0,226,0,0,0,0,6,173,0,17,0,0,36,18,0,203,173,35,2,0,0,42,365,107,0,93,0,0,385,699,0,0,0,260,660,0,65,0,0,100,0,0,0,0,60,266,0,4977,0,87,62,10,5,0],[0,200,25,0,0,0,0,0,0,0,0,0,0,0,44,0,0,0,0,0,0,0,0,0,0,0,0,0,0,0,0,0,0,0,0,0,0,0,0,0,0,0,70,0,0,0,0,149,0,0,0,0,0,0,210,0,0],[71499,108491,13596,116876,90606,103726,64940,82562,82900,282506,231085,25614,68631,72138,70522,115923,43297,81263,122632,91090,183003,204456,174828,180571,120066,191475,50846,64250,240458,355610,49573,108826,103880,163330,186928,213410,60950,164816,125481,82015,87785,16779,153685,83200,30922,102760,31375,48169,68139,73128,553718,80824,106575,14550,52275,58341,63125],[0,24,354,0,0,0,0,0,0,129,83,267,9,53,0,32,0,0,0,0,45,0,0,0,39,0,694,0,0,0,0,0,0,200,197,0,48,0,46,0,0,38,0,0,0,197,106,0,0,0,53,0,84,36,47,20,0],[1946,2359,1277,1817,782,1002,838,1635,2537,10979,7497,1070,2950,2175,2385,11361,6572,9423,2968,3198,6771,5589,1176,770,2889,3964,755,2160,1032,3767,0,2729,2554,3229,1130,3964,34,9150,3967,1645,408,0,8271,1179,1611,256,902,2979,4115,2543,7583,2335,2526,1876,395,578,541],[3350,6229,2842,17206,19176,9999,6316,6417,1547,41499,14089,3646,10060,3443,2246,8230,500,1958,16477,4619,11378,33246,17427,17065,16064,17641,4589,6168,14825,4631,7482,7256,8712,17913,15501,16253,0,5001,603,9308,515,10064,10488,7432,8706,22712,10298,3271,3982,4023,74800,5432,10192,2283,9652,2836,7180],[98135,130105,18788,189658,143431,134644,97681,120900,117313,409867,241226,32556,92598,100281,98448,108689,33451,58571,191393,126559,232110,217042,196241,261576,127165,209310,62871,67281,228818,328482,66267,110107,88433,212184,228610,254770,82822,166582,138145,86021,82896,19245,123098,80075,47958,147274,43084,64850,100802,83845,601795,96421,111159,23316,75530,68036,78019],[702644,999041,85633,1544615,1103422,813772,877736,953524,721633,3447778,2557099,199124,879442,941161,941409,941101,391198,546160,1438000,1134072,2548416,1605708,1233405,1133666,1228331,1856831,785122,420417,1663600,1871283,374648,859288,1014549,1305858,1774964,1674596,768800,1864550,826286,895584,1077106,230510,1264786,647595,413004,1335573,551718,497504,1008540,815555,6446101,754973,794062,117041,563548,508171,736073],[1600,2056,4499,754,520,1690,917,780,2402,1489,1997,4807,4497,1387,2122,3355,1347,4035,395,306,732,1468,1165,2233,1940,3588,4414,575,3135,2923,5181,659,1756,956,2172,3052,118,1741,4086,1275,1875,15023,6017,3919,12675,121,11401,12397,1521,43,22075,1110,2195,4713,6338,5173,3486],[70792,78111,10951,115102,91436,99471,75376,74073,62945,252583,181350,18611,84200,80156,76345,105880,30161,59927,113868,105428,167372,124540,80982,87741,95542,155130,56958,32332,125515,144744,22588,70550,67260,83134,146941,155898,71916,160375,53259,86328,71041,21187,117914,55166,29150,94583,48852,39807,65853,75800,332300,63806,79529,11691,44981,50942,30623],[5346,7311,2589,10313,8678,6757,8391,10762,6586,5322,2532,1597,1626