var iris = {"Sepal_Length":[5.1,4.9,4.7,4.6,5,5.4,4.6,5,4.4,4.9,5.4,4.8,4.8,4.3,5.8,5.7,5.4,5.1,5.7,5.1,5.4,5.1,4.6,5.1,4.8,5,5,5.2,5.2,4.7,4.8,5.4,5.2,5.5,4.9,5,5.5,4.9,4.4,5.1,5,4.5,4.4,5,5.1,4.8,5.1,4.6,5.3,5,7,6.4,6.9,5.5,6.5,5.7,6.3,4.9,6.6,5.2,5,5.9,6,6.1,5.6,6.7,5.6,5.8,6.2,5.6,5.9,6.1,6.3,6.1,6.4,6.6,6.8,6.7,6,5.7,5.5,5.5,5.8,6,5.4,6,6.7,6.3,5.6,5.5,5.5,6.1,5.8,5,5.6,5.7,5.7,6.2,5.1,5.7,6.3,5.8,7.1,6.3,6.5,7.6,4.9,7.3,6.7,7.2,6.5,6.4,6.8,5.7,5.8,6.4,6.5,7.7,7.7,6,6.9,5.6,7.7,6.3,6.7,7.2,6.2,6.1,6.4,7.2,7.4,7.9,6.4,6.3,6.1,7.7,6.3,6.4,6,6.9,6.7,6.9,5.8,6.8,6.7,6.7,6.3,6.5,6.2,5.9],"Sepal_Width":[3.5,3,3.2,3.1,3.6,3.9,3.4,3.4,2.9,3.1,3.7,3.4,3,3,4,4.4,3.9,3.5,3.8,3.8,3.4,3.7,3.6,3.3,3.4,3,3.4,3.5,3.4,3.2,3.1,3.4,4.1,4.2,3.1,3.2,3.5,3.6,3,3.4,3.5,2.3,3.2,3.5,3.8,3,3.8,3.2,3.7,3.3,3.2,3.2,3.1,2.3,2.8,2.8,3.3,2.4,2.9,2.7,2,3,2.2,2.9,2.9,3.1,3,2.7,2.2,2.5,3.2,2.8,2.5,2.8,2.9,3,2.8,3,2.9,2.6,2.4,2.4,2.7,2.7,3,3.4,3.1,2.3,3,2.5,2.6,3,2.6,2.3,2.7,3,2.9,2.9,2.5,2.8,3.3,2.7,3,2.9,3,3,2.5,2.9,2.5,3.6,3.2,2.7,3,2.5,2.8,3.2,3,3.8,2.6,2.2,3.2,2.8,2.8,2.7,3.3,3.2,2.8,3,2.8,3,2.8,3.8,2.8,2.8,2.6,3,3.4,3.1,3,3.1,3.1,3.1,2.7,3.2,3.3,3,2.5,3,3.4,3],"Petal_Length":[1.4,1.4,1.3,1.5,1.4,1.7,1.4,1.5,1.4,1.5,1.5,1.6,1.4,1.1,1.2,1.5,1.3,1.4,1.7,1.5,1.7,1.5,1,1.7,1.9,1.6,1.6,1.5,1.4,1.6,1.6,1.5,1.5,1.4,1.5,1.2,1.3,1.4,1.3,1.5,1.3,1.3,1.3,1.6,1.9,1.4,1.6,1.4,1.5,1.4,4.7,4.5,4.9,4,4.6,4.5,4.7,3.3,4.6,3.9,3.5,4.2,4,4.7,3.6,4.4,4.5,4.1,4.5,3.9,4.8,4,4.9,4.7,4.3,4.4,4.8,5,4.5,3.5,3.8,3.7,3.9,5.1,4.5,4.5,4.7,4.4,4.1,4,4.4,4.6,4,3.3,4.2,4.2,4.2,4.3,3,4.1,6,5.1,5.9,5.6,5.8,6.6,4.5,6.3,5.8,6.1,5.1,5.3,5.5,5,5.1,5.3,5.5,6.7,6.9,5,5.7,4.9,6.7,4.9,5.7,6,4.8,4.9,5.6,5.8,6.1,6.4,5.6,5.1,5.6,6.1,5.6,5.5,4.8,5.4,5.6,5.1,5.1,5.9,5.7,5.2,5,5.2,5.4,5.1],"Petal_Width":[0.2,0.2,0.2,0.2,0.2,0.4,0.3,0.2,0.2,0.1,0.2,0.2,0.1,0.1,0.2,0.4,0.4,0.3,0.3,0.3,0.2,0.4,0.2,0.5,0.2,0.2,0.4,0.2,0.2,0.2,0.2,0.4,0.1,0.2,0.2,0.2,0.2,0.1,0.2,0.2,0.3,0.3,0.2,0.6,0.4,0.3,0.2,0.2,0.2,0.2,1.4,1.5,1.5,1.3,1.5,1.3,1.6,1,1.3,1.4,1,1.5,1,1.4,1.3,1.4,1.5,1,1.5,1.1,1.8,1.3,1.5,1.2,1.3,1.4,1.4,1.7,1.5,1,1.1,1,1.2,1.6,1.5,1.6,1.5,1.3,1.3,1.3,1.2,1.4,1.2,1,1.3,1.2,1.3,1.3,1.1,1.3,2.5,1.9,2.1,1.8,2.2,2.1,1.7,1.8,1.8,2.5,2,1.9,2.1,2,2.4,2.3,1.8,2.2,2.3,1.5,2.3,2,2,1.8,2.1,1.8,1.8,1.8,2.1,1.6,1.9,2,2.2,1.5,1.4,2.3,2.4,1.8,1.8,2.1,2.4,2.3,1.9,2.3,2.5,2.3,1.9,2,2.3,1.8],"Species":["setosa","setosa","setosa","setosa","setosa","setosa","setosa","setosa","setosa","setosa","setosa","setosa","setosa","setosa","setosa","setosa","setosa","setosa","setosa","setosa","setosa","setosa","setosa","setosa","setosa","setosa","setosa","setosa","setosa","setosa","setosa","setosa","setosa","setosa","setosa","setosa","setosa","setosa","setosa","setosa","setosa","setosa","setosa","setosa","setosa","setosa","setosa","setosa","setosa","setosa","versicolor","versicolor","versicolor","versicolor","versicolor","versicolor","versicolor","versicolor","versicolor","versicolor","versicolor","versicolor","versicolor","versicolor","versicolor","versicolor","versicolor","versicolor","versicolor","versicolor","versicolor","versicolor","versicolor","versicolor","versicolor","versicolor","versicolor","versicolor","versicolor","versicolor","versicolor","versicolor","versicolor","versicolor","versicolor","versicolor","versicolor","versicolor","versicolor","versicolor","versicolor","versicolor","versicolor","versicolor","versicolor","versicolor","versicolor","versicolor","versicolor","versicolor","virginica","virginica","virginica","virginica","virginica","virginica","virginica","virginica","virginica","virginica","virginica","virginica","virginica","virginica","virginica","virginica","virginica","virginica","virginica","virginica","virginica","virginica","virginica","virginica","virginica","virginica","virginica","virginica","virginica","virginica","virginica","virginica","virginica","virginica","virginica","virginica","virginica","virginica","virginica","virginica","virginica","virginica","virginica","virginica","virginica","virginica","virginica","virginica","virginica","virginica"]};
var corIris = [[1,0.996,1,0.9982,0.9993,0.9996,0.9988,0.9995,0.9981,0.9966,1,0.9981,0.9969,0.9998,0.9976,0.995,0.997,0.9999,0.9994,0.9983,0.996,0.9994,0.9914,0.997,0.9913,0.9922,0.9995,0.9997,0.9994,0.9973,0.9959,0.997,0.9937,0.9959,0.9969,0.9984,0.9983,0.9983,0.9998,0.9994,0.9993,0.9758,0.9991,0.9998,0.9965,0.9967,0.9977,0.9996,0.9999,0.9995,0.7866,0.7875,0.7481,0.7052,0.7323,0.7113,0.7665,0.8073,0.7556,0.7568,0.7232,0.7833,0.7319,0.7156,0.8444,0.7994,0.7219,0.771,0.6528,0.7612,0.7087,0.7967,0.6469,0.7119,0.7828,0.7858,0.726,0.7079,0.7337,0.8289,0.7572,0.7744,0.7906,0.6157,0.7065,0.7917,0.7633,0.6954,0.7896,0.7338,0.6916,0.7413,0.7653,0.7968,0.7371,0.7823,0.7679,0.776,0.862,0.7695,0.5149,0.5746,0.5982,0.581,0.5537,0.5531,0.5643,0.5733,0.5427,0.6256,0.6938,0.5996,0.6275,0.5417,0.5419,0.6389,0.624,0.6234,0.4751,0.5732,0.6202,0.5936,0.5364,0.6539,0.6301,0.6324,0.6748,0.6806,0.5552,0.645,0.5864,0.6792,0.5468,0.657,0.5551,0.6024,0.603,0.628,0.6887,0.6598,0.5978,0.6856,0.5746,0.5847,0.603,0.6469,0.606,0.6535,0.6339,0.6332],[0.996,1,0.9966,0.9974,0.9922,0.9936,0.9907,0.9971,0.9985,0.999,0.9962,0.9941,0.9996,0.9939,0.9909,0.9823,0.9884,0.996,0.9984,0.9893,0.9993,0.9923,0.9765,0.9999,0.9897,0.9989,0.9981,0.9975,0.9984,0.9963,0.9984,0.9992,0.9805,0.9838,0.9996,0.9978,0.9978,0.9899,0.997,0.9981,0.9935,0.9912,0.9918,0.9965,0.9904,0.9999,0.9893,0.9958,0.995,0.9983,0.8314,0.8307,0.7962,0.7583,0.7831,0.7579,0.8097,0.8487,0.803,0.8017,0.775,0.8271,0.7838,0.7635,0.8828,0.8436,0.7664,0.8145,0.7121,0.8078,0.7553,0.8415,0.7034,0.7594,0.8283,0.8315,0.7772,0.7597,0.7815,0.8702,0.805,0.8205,0.835,0.6703,0.7501,0.8305,0.8101,0.7508,0.8295,0.7831,0.7398,0.7869,0.8122,0.8409,0.7838,0.8222,0.8109,0.8211,0.9004,0.8139,0.573,0.6326,0.6572,0.6365,0.613,0.6136,0.6197,0.6315,0.6044,0.6811,0.7456,0.6587,0.6854,0.6038,0.6049,0.6949,0.6782,0.6753,0.5415,0.6338,0.678,0.6503,0.5982,0.7107,0.6839,0.6861,0.7294,0.732,0.6157,0.6991,0.6465,0.729,0.6084,0.7095,0.6103,0.664,0.6575,0.6804,0.7395,0.7159,0.6577,0.7426,0.6326,0.6428,0.6614,0.7059,0.6671,0.709,0.6863,0.6848],[1,0.9966,1,0.9983,0.9991,0.9994,0.9984,0.9996,0.9984,0.997,1,0.998,0.9974,0.9996,0.9974,0.9943,0.9967,0.9999,0.9996,0.9979,0.9965,0.9991,0.9906,0.9975,0.9913,0.993,0.9996,0.9998,0.9996,0.9974,0.9964,0.9975,0.9929,0.9952,0.9974,0.9987,0.9986,0.9979,0.9998,0.9996,0.9992,0.9773,0.9988,0.9998,0.9962,0.9973,0.9972,0.9995,0.9998,0.9997,0.79,0.7907,0.7517,0.7092,0.7361,0.7146,0.7697,0.8104,0.7591,0.7601,0.7271,0.7865,0.7358,0.7191,0.8473,0.8028,0.725,0.7742,0.6572,0.7647,0.712,0.8001,0.6511,0.7153,0.7862,0.7892,0.7299,0.7118,0.7372,0.8321,0.7608,0.7779,0.7939,0.6196,0.7095,0.7945,0.7668,0.6996,0.7925,0.7374,0.6951,0.7446,0.7689,0.8002,0.7405,0.7852,0.771,0.7794,0.865,0.7728,0.5189,0.5788,0.6025,0.5849,0.558,0.5574,0.5682,0.5774,0.5472,0.6296,0.6976,0.6039,0.6318,0.5462,0.5465,0.643,0.6279,0.627,0.4799,0.5776,0.6245,0.5977,0.5408,0.6581,0.634,0.6362,0.6788,0.6843,0.5596,0.649,0.5908,0.6827,0.5512,0.6608,0.559,0.607,0.6068,0.6317,0.6924,0.664,0.6022,0.6899,0.5788,0.5889,0.6073,0.6513,0.6106,0.6576,0.6376,0.6368],[0.9982,0.9974,0.9983,1,0.9967,0.9978,0.9961,0.9995,0.9998,0.9993,0.9985,0.9993,0.999,0.997,0.9916,0.9885,0.9905,0.9973,0.9993,0.9951,0.9989,0.996,0.983,0.9983,0.9967,0.9964,0.9993,0.9992,0.9983,0.9999,0.9993,0.996,0.9902,0.9904,0.999,0.9959,0.9958,0.9963,0.9992,0.9995,0.9953,0.9801,0.997,0.9973,0.9977,0.9973,0.9964,0.9992,0.9983,0.9989,0.8193,0.8209,0.7837,0.7427,0.7681,0.751,0.8022,0.839,0.7907,0.7929,0.7595,0.8169,0.767,0.7546,0.8724,0.8308,0.7613,0.8061,0.6914,0.796,0.7486,0.828,0.6881,0.7512,0.8156,0.8181,0.7624,0.7459,0.771,0.8577,0.7919,0.808,0.8231,0.66,0.7472,0.8262,0.7979,0.7323,0.824,0.7703,0.7325,0.7787,0.7996,0.8286,0.7744,0.8174,0.8035,0.8099,0.8868,0.8045,0.564,0.6205,0.6419,0.6272,0.6003,0.5992,0.6116,0.619,0.5889,0.6689,0.7331,0.6432,0.6696,0.5878,0.5874,0.681,0.6679,0.668,0.5229,0.6178,0.6629,0.6387,0.5829,0.6943,0.6737,0.6758,0.7144,0.7212,0.6012,0.6874,0.6305,0.7205,0.5927,0.6991,0.603,0.6443,0.6482,0.6722,0.7289,0.7,0.6411,0.7224,0.6205,0.6298,0.6467,0.6864,0.6479,0.6945,0.6777,0.6772],[0.9993,0.9922,0.9991,0.9967,1,0.9999,0.9999,0.9985,0.996,0.9938,0.9993,0.998,0.9939,0.9998,0.9974,0.9975,0.9976,0.999,0.9977,0.9998,0.9928,0.9999,0.9946,0.9937,0.991,0.9877,0.9979,0.9985,0.9974,0.996,0.9933,0.9936,0.9971,0.9983,0.9939,0.9961,0.9958,0.9996,0.9988,0.9978,0.9991,0.9673,0.9999,0.9987,0.9975,0.9932,0.9992,0.9991,0.9997,0.9977,0.7702,0.772,0.7308,0.6861,0.7138,0.6957,0.7516,0.7923,0.7385,0.7411,0.7044,0.7676,0.7128,0.6992,0.83,0.7831,0.7071,0.7558,0.6311,0.7444,0.693,0.78,0.6271,0.6957,0.7661,0.7689,0.7076,0.6895,0.717,0.8134,0.7399,0.7577,0.7744,0.5973,0.6924,0.7785,0.7464,0.6751,0.7759,0.7162,0.6755,0.7256,0.7484,0.7806,0.7208,0.7687,0.753,0.7598,0.847,0.7538,0.4961,0.5552,0.5777,0.5627,0.5338,0.5325,0.5463,0.5536,0.5216,0.6067,0.6757,0.5791,0.6073,0.5204,0.52,0.6195,0.6058,0.6063,0.4522,0.5522,0.6001,0.5745,0.5152,0.6338,0.6121,0.6142,0.6554,0.6629,0.5346,0.6265,0.5656,0.6624,0.5256,0.6391,0.5374,0.5805,0.5849,0.6106,0.6712,0.6399,0.5769,0.6645,0.5552,0.5649,0.5829,0.6255,0.5842,0.634,0.6165,0.6161],[0.9996,0.9936,0.9994,0.9978,0.9999,1,0.9997,0.9992,0.9972,0.9953,0.9996,0.9988,0.9953,0.9997,0.9967,0.9963,0.9967,0.9991,0.9984,0.9994,0.9944,0.9996,0.9929,0.995,0.9927,0.9898,0.9986,0.9991,0.998,0.9973,0.9949,0.9944,0.9964,0.9973,0.9953,0.9964,0.9962,0.9995,0.9993,0.9986,0.9988,0.9699,0.9999,0.9988,0.9981,0.9944,0.9992,0.9996,0.9999,0.9984,0.7798,0.7816,0.7411,0.697,0.7243,0.7065,0.7615,0.8015,0.7487,0.7513,0.7151,0.7773,0.7232,0.7101,0.8383,0.7924,0.7178,0.7657,0.6426,0.7545,0.704,0.7894,0.6388,0.7066,0.7758,0.7785,0.7182,0.7004,0.7276,0.822,0.75,0.7675,0.7839,0.6095,0.7032,0.788,0.7565,0.686,0.7855,0.7267,0.6867,0.736,0.7584,0.79,0.7313,0.7784,0.7629,0.7696,0.8548,0.7637,0.5093,0.5678,0.5901,0.5752,0.5467,0.5453,0.559,0.5663,0.5345,0.6188,0.6868,0.5914,0.6193,0.5333,0.5329,0.6314,0.6179,0.6184,0.4657,0.5648,0.6122,0.587,0.5282,0.6454,0.6241,0.6262,0.6668,0.6742,0.5474,0.6384,0.5781,0.6737,0.5385,0.6508,0.5502,0.5927,0.5972,0.6227,0.6824,0.6515,0.5892,0.6756,0.5678,0.5775,0.5952,0.6371,0.5964,0.6457,0.6285,0.6281],[0.9988,0.9907,0.9984,0.9961,0.9999,0.9997,1,0.998,0.9952,0.9927,0.9988,0.9979,0.9927,0.9995,0.9968,0.9978,0.9972,0.9984,0.9969,0.9999,0.9917,0.9997,0.9951,0.9924,0.9911,0.9861,0.9972,0.9978,0.9965,0.9956,0.9924,0.9921,0.998,0.9987,0.9927,0.9948,0.9946,0.9999,0.9982,0.9971,0.9986,0.9641,0.9999,0.9979,0.9978,0.9917,0.9995,0.9988,0.9993,0.9969,0.7661,0.7683,0.7266,0.6813,0.7091,0.6923,0.7482,0.7886,0.7343,0.7376,0.6997,0.7638,0.7078,0.6956,0.8263,0.7789,0.7041,0.7523,0.6253,0.7403,0.6898,0.7757,0.6222,0.6922,0.7619,0.7646,0.7029,0.685,0.7131,0.8093,0.7356,0.7535,0.7703,0.5933,0.6898,0.7757,0.7423,0.6698,0.773,0.7119,0.6721,0.7221,0.7442,0.7765,0.7171,0.7659,0.7497,0.7559,0.8428,0.7501,0.4923,0.5508,0.5728,0.5589,0.5294,0.5278,0.5427,0.5492,0.5166,0.6024,0.6714,0.5742,0.6023,0.5153,0.5147,0.6149,0.6018,0.6029,0.4467,0.5472,0.5953,0.5703,0.5103,0.6288,0.6081,0.6102,0.6506,0.6588,0.5298,0.6223,0.5606,0.6587,0.5207,0.6351,0.5339,0.5749,0.5811,0.607,0.6672,0.635,0.5718,0.6589,0.5508,0.5605,0.5781,0.62,0.5786,0.6294,0.6129,0.6126],[0.9995,0.9971,0.9996,0.9995,0.9985,0.9992,0.998,1,0.9994,0.9984,0.9997,0.9991,0.9984,0.9988,0.9951,0.9922,0.9942,0.999,0.9998,0.9972,0.9979,0.9982,0.9877,0.9981,0.9945,0.9947,0.9999,0.9999,0.9993,0.999,0.9981,0.9969,0.9925,0.9936,0.9984,0.9976,0.9975,0.9978,1,0.9999,0.9978,0.9783,0.9985,0.999,0.9976,0.9974,0.9975,0.9999,0.9995,0.9996,0.8033,0.8045,0.7662,0.7242,0.7504,0.7315,0.7847,0.8235,0.7734,0.7752,0.7416,0.8004,0.7497,0.7354,0.8587,0.8154,0.7419,0.7889,0.6723,0.7789,0.7289,0.8126,0.6677,0.7319,0.7995,0.8022,0.7445,0.7272,0.7527,0.8436,0.7749,0.7915,0.8071,0.6381,0.7272,0.8093,0.7809,0.7141,0.8072,0.7523,0.7124,0.7603,0.7828,0.813,0.7561,0.8002,0.786,0.7933,0.8747,0.7873,0.5397,0.5978,0.6202,0.6043,0.5772,0.5763,0.5882,0.5964,0.566,0.6475,0.7137,0.6216,0.6488,0.5649,0.5648,0.6602,0.6462,0.646,0.4991,0.5957,0.6418,0.6164,0.5598,0.6743,0.6522,0.6543,0.6948,0.7011,0.5784,0.6665,0.6086,0.7001,0.5699,0.6783,0.5793,0.6236,0.6258,0.6504,0.709,0.6801,0.6196,0.7042,0.5978,0.6074,0.6251,0.6668,0.6271,0.6742,0.6561,0.6555],[0.9981,0.9985,0.9984,0.9998,0.996,0.9972,0.9952,0.9994,1,0.9997,0.9984,0.9984,0.9996,0.9967,0.9919,0.9873,0.9904,0.9974,0.9995,0.994,0.9995,0.9955,0.9817,0.9992,0.9954,0.9976,0.9995,0.9993,0.9988,0.9995,0.9996,0.9973,0.9882,0.9892,0.9996,0.9968,0.9968,0.9951,0.9991,0.9996,0.9953,0.9834,0.9961,0.9976,0.9963,0.9984,0.995,0.9988,0.9979,0.9992,0.8231,0.8241,0.7876,0.7473,0.7726,0.7535,0.8049,0.8422,0.7945,0.7958,0.7641,0.8202,0.772,0.7576,0.8757,0.8347,0.7633,0.809,0.6973,0.7997,0.751,0.8321,0.6927,0.754,0.8195,0.8222,0.7669,0.7501,0.7744,0.8615,0.796,0.8119,0.8268,0.6633,0.7487,0.828,0.8017,0.7377,0.8261,0.7743,0.7351,0.7815,0.8035,0.8324,0.7775,0.8193,0.8061,0.8135,0.8909,0.8076,0.567,0.6243,0.6465,0.6303,0.6043,0.6036,0.6144,0.6229,0.5935,0.6727,0.737,0.6478,0.6743,0.5926,0.5926,0.6852,0.6712,0.6706,0.5283,0.6226,0.6675,0.6424,0.5875,0.6991,0.677,0.6792,0.7189,0.7246,0.6056,0.6911,0.6353,0.7234,0.5974,0.7025,0.6056,0.65,0.6513,0.675,0.7323,0.7047,0.646,0.7282,0.6243,0.6338,0.6512,0.692,0.6534,0.6989,0.6806,0.6799],[0.9966,0.999,0.997,0.9993,0.9938,0.9953,0.9927,0.9984,0.9997,1,0.9969,0.9971,0.9999,0.9947,0.9894,0.9835,0.9874,0.9958,0.9988,0.9913,0.9999,0.9932,0.9773,0.9994,0.995,0.9989,0.9987,0.9983,0.998,0.999,0.9999,0.9972,0.9845,0.9856,0.9999,0.996,0.996,0.9926,0.998,0.9988,0.9932,0.9867,0.9939,0.9962,0.9946,0.9987,0.9926,0.9974,0.9962,0.9984,0.8351,0.8358,0.8005,0.7616,0.7862,0.7665,0.8168,0.8534,0.8073,0.8082,0.778,0.8321,0.7858,0.7708,0.8859,0.8465,0.7758,0.8209,0.7131,0.8123,0.764,0.844,0.708,0.7672,0.8317,0.8344,0.7806,0.7641,0.7874,0.8724,0.8088,0.8242,0.8387,0.6785,0.7611,0.8388,0.8143,0.7524,0.8372,0.7876,0.7485,0.794,0.8161,0.8442,0.7904,0.8305,0.818,0.8256,0.9008,0.8197,0.5834,0.6403,0.6626,0.6458,0.6206,0.6202,0.6299,0.639,0.6104,0.688,0.7511,0.6639,0.69,0.6095,0.6097,0.7005,0.6863,0.6852,0.5464,0.6391,0.6832,0.658,0.6045,0.7144,0.692,0.6941,0.7337,0.7388,0.6222,0.706,0.6516,0.7372,0.6143,0.717,0.6211,0.6665,0.6665,0.6897,0.7462,0.7199,0.6623,0.7433,0.6403,0.6498,0.6671,0.7078,0.6698,0.714,0.6952,0.6944],[1,0.9962,1,0.9985,0.9993,0.9996,0.9988,0.9997,0.9984,0.9969,1,0.9984,0.9972,0.9997,0.9972,0.9946,0.9966,0.9998,0.9995,0.9982,0.9964,0.9993,0.9909,0.9972,0.992,0.9927,0.9996,0.9998,0.9994,0.9977,0.9964,0.997,0.9937,0.9956,0.9972,0.9983,0.9982,0.9983,0.9999,0.9995,0.9991,0.9761,0.9991,0.9997,0.9968,0.9969,0.9978,0.9997,0.9999,0.9996,0.7894,0.7904,0.7511,0.7084,0.7353,0.7148,0.7696,0.81,0.7586,0.7599,0.7263,0.7862,0.7348,0.719,0.8468,0.8021,0.7254,0.7741,0.6559,0.7642,0.7122,0.7993,0.6504,0.7153,0.7856,0.7885,0.7291,0.7111,0.737,0.8314,0.7602,0.7773,0.7934,0.6195,0.7101,0.7948,0.7663,0.6984,0.7927,0.7369,0.6952,0.7445,0.7683,0.7995,0.7403,0.7854,0.771,0.7789,0.8641,0.7725,0.5191,0.5786,0.6019,0.585,0.5577,0.557,0.5684,0.5772,0.5466,0.6293,0.6972,0.6033,0.6311,0.5456,0.5457,0.6425,0.6278,0.6273,0.4791,0.5769,0.6239,0.5975,0.5403,0.6573,0.6339,0.6361,0.6781,0.6841,0.5591,0.6487,0.5901,0.6828,0.5507,0.6606,0.5593,0.6059,0.6069,0.6318,0.6921,0.6632,0.6015,0.6886,0.5786,0.5885,0.6068,0.6501,0.6095,0.657,0.6377,0.637],[0.9981,0.9941,0.998,0.9993,0.998,0.9988,0.9979,0.9991,0.9984,0.9971,0.9984,1,0.9965,0.9976,0.9919,0.9916,0.9915,0.997,0.9981,0.9972,0.9963,0.9971,0.9867,0.9955,0.9974,0.9925,0.9984,0.9986,0.9969,0.9994,0.9974,0.9929,0.9945,0.9935,0.9965,0.9939,0.9937,0.9984,0.9988,0.9986,0.9956,0.9717,0.9985,0.9967,0.9995,0.9942,0.9987,0.9994,0.9987,0.9977,0.8038,0.8063,0.7673,0.7243,0.7504,0.7366,0.7884,0.8249,0.7744,0.7783,0.7415,0.8022,0.7485,0.7392,0.8588,0.8152,0.7478,0.792,0.6702,0.7802,0.7342,0.8121,0.669,0.7362,0.7998,0.802,0.7447,0.7283,0.7553,0.8428,0.7755,0.7921,0.8077,0.6428,0.7346,0.8142,0.7818,0.7126,0.8115,0.7536,0.7176,0.7641,0.7834,0.8131,0.7593,0.8051,0.7897,0.7946,0.8723,0.7897,0.5465,0.602,0.6223,0.6102,0.5815,0.5796,0.5949,0.6005,0.5687,0.651,0.7159,0.6235,0.6501,0.5673,0.5664,0.6624,0.6508,0.6523,0.5008,0.5977,0.6437,0.6207,0.5627,0.6749,0.6568,0.6588,0.6958,0.7045,0.5815,0.67,0.6105,0.7048,0.5725,0.6823,0.5866,0.623,0.6313,0.6561,0.7124,0.6808,0.6209,0.7018,0.602,0.6111,0.6275,0.6656,0.6267,0.676,0.6616,0.6615],[0.9969,0.9996,0.9974,0.999,0.9939,0.9953,0.9927,0.9984,0.9996,0.9999,0.9972,0.9965,1,0.995,0.9907,0.9841,0.9886,0.9965,0.999,0.9913,0.9999,0.9936,0.9781,0.9999,0.9933,0.9989,0.9989,0.9985,0.9986,0.9983,0.9995,0.9983,0.9839,0.9858,1,0.9971,0.9971,0.9923,0.9981,0.999,0.994,0.9881,0.9938,0.9969,0.9935,0.9994,0.9921,0.9973,0.9963,0.9988,0.8317,0.8319,0.7967,0.7579,0.7827,0.761,0.8121,0.8498,0.8035,0.8036,0.7745,0.8282,0.7827,0.7658,0.8831,0.8435,0.7701,0.8165,0.71,0.8085,0.7585,0.8411,0.7036,0.762,0.8284,0.8312,0.777,0.76,0.783,0.8698,0.8052,0.8207,0.8353,0.6728,0.7548,0.8339,0.8106,0.7493,0.8324,0.7836,0.7429,0.7892,0.8125,0.841,0.7857,0.8255,0.8133,0.8219,0.8991,0.8155,0.5765,0.6345,0.6577,0.6396,0.6148,0.6147,0.6233,0.6333,0.6052,0.6827,0.7466,0.6591,0.6855,0.6044,0.6049,0.6957,0.6806,0.6789,0.5414,0.6342,0.6785,0.6524,0.5991,0.7104,0.6863,0.6885,0.7295,0.7338,0.6168,0.7008,0.6468,0.7317,0.6091,0.7116,0.6143,0.6627,0.6604,0.6836,0.7413,0.7158,0.6577,0.7405,0.6345,0.6443,0.6622,0.7043,0.666,0.7095,0.6893,0.6882],[0.9998,0.9939,0.9996,0.997,0.9998,0.9997,0.9995,0.9988,0.9967,0.9947,0.9997,0.9976,0.995,1,0.9983,0.9969,0.9981,0.9997,0.9984,0.9992,0.9939,0.9999,0.9939,0.9951,0.99,0.9894,0.9986,0.999,0.9985,0.9961,0.994,0.9955,0.9955,0.9975,0.995,0.9976,0.9974,0.9989,0.9992,0.9985,0.9997,0.9712,0.9995,0.9995,0.9964,0.9949,0.9982,0.9992,0.9998,0.9986,0.774,0.7751,0.7346,0.6907,0.7183,0.6978,0.754,0.7954,0.7423,0.7439,0.709,0.7708,0.7177,0.702,0.8334,0.7871,0.7088,0.7585,0.637,0.7481,0.6952,0.7842,0.6315,0.6982,0.77,0.773,0.7119,0.6936,0.7202,0.8173,0.7439,0.7615,0.7781,0.6003,0.6934,0.7801,0.7502,0.6804,0.7779,0.72,0.6778,0.7282,0.7522,0.7844,0.7237,0.7704,0.7554,0.7633,0.8513,0.7568,0.4985,0.5586,0.582,0.5653,0.5373,0.5365,0.5486,0.5571,0.5259,0.6102,0.6794,0.5835,0.6118,0.5248,0.5248,0.6235,0.6088,0.6085,0.4573,0.5566,0.6044,0.5778,0.5195,0.6385,0.615,0.6172,0.6598,0.6661,0.5386,0.6299,0.5701,0.665,0.53,0.6422,0.5395,0.586,0.5876,0.6131,0.6744,0.6445,0.5816,0.6704,0.5586,0.5686,0.587,0.6311,0.5896,0.6382,0.619,0.6184],[0.9976,0.9909,0.9974,0.9916,0.9974,0.9967,0.9968,0.9951,0.9919,0.9894,0.9972,0.9919,0.9907,0.9983,1,0.9971,0.9998,0.9984,0.9953,0.9969,0.9889,0.9985,0.9956,0.9918,0.9801,0.984,0.9954,0.9959,0.9965,0.9898,0.988,0.9946,0.9919,0.9967,0.9907,0.9975,0.9974,0.9954,0.996,0.995,0.9994,0.9689,0.9965,0.9983,0.9899,0.9925,0.9938,0.9954,0.9971,0.996,0.7493,0.749,0.7078,0.6636,0.6923,0.6657,0.7252,0.7705,0.7158,0.7153,0.6828,0.7447,0.6929,0.6713,0.8118,0.7637,0.6763,0.7305,0.611,0.7216,0.6628,0.7611,0.6015,0.6669,0.7455,0.7491,0.6854,0.6655,0.6914,0.796,0.718,0.7363,0.7535,0.566,0.659,0.7511,0.7241,0.6549,0.7494,0.6926,0.645,0.6984,0.7266,0.7606,0.6944,0.7411,0.7266,0.7373,0.8335,0.7294,0.46,0.5238,0.55,0.5291,0.5022,0.5023,0.5112,0.5225,0.4921,0.5773,0.6497,0.5517,0.5813,0.4913,0.4923,0.5923,0.5747,0.5728,0.4235,0.5242,0.5732,0.5434,0.4854,0.6095,0.5811,0.5835,0.6308,0.6348,0.5046,0.5976,0.5381,0.6322,0.4965,0.6096,0.5013,0.5571,0.5522,0.578,0.6433,0.6155,0.5505,0.6456,0.5238,0.5347,0.5548,0.6039,0.5606,0.6079,0.5844,0.5832],[0.995,0.9823,0.9943,0.9885,0.9975,0.9963,0.9978,0.9922,0.9873,0.9835,0.9946,0.9916,0.9841,0.9969,0.9971,1,0.9984,0.9952,0.9909,0.9985,0.9822,0.9979,0.9994,0.9843,0.9806,0.9748,0.9913,0.9924,0.9913,0.9873,0.9827,0.9861,0.9977,0.9998,0.9841,0.9908,0.9905,0.9972,0.993,0.991,0.997,0.9507,0.9971,0.9944,0.9919,0.9843,0.9962,0.9937,0.9955,0.9914,0.7231,0.725,0.6806,0.6328,0.6624,0.6434,0.7031,0.747,0.6888,0.6918,0.6524,0.7202,0.6614,0.647,0.7884,0.7371,0.6559,0.7076,0.5748,0.6952,0.6407,0.7338,0.5703,0.6433,0.7187,0.7217,0.6557,0.6364,0.6659,0.7702,0.6904,0.7095,0.7276,0.5393,0.6406,0.7326,0.6974,0.6213,0.7296,0.6649,0.622,0.6752,0.6995,0.7343,0.67,0.7219,0.7047,0.7118,0.8075,0.7054,0.434,0.495,0.5184,0.5032,0.4727,0.4712,0.4863,0.4934,0.4598,0.5489,0.6217,0.5198,0.5494,0.4585,0.4581,0.5623,0.5481,0.5491,0.3878,0.4917,0.5419,0.5153,0.4532,0.5774,0.5547,0.557,0.6002,0.6083,0.4734,0.5698,0.5057,0.6079,0.464,0.5832,0.4771,0.5214,0.5264,0.5535,0.6171,0.5838,0.5175,0.6102,0.495,0.5051,0.5238,0.5688,0.5252,0.5776,0.5596,0.5593],[0.997,0.9884,0.9967,0.9905,0.9976,0.9967,0.9972,0.9942,0.9904,0.9874,0.9966,0.9915,0.9886,0.9981,0.9998,0.9984,1,0.9977,0.994,0.9976,0.9867,0.9985,0.9974,0.9895,0.9795,0.981,0.9942,0.9949,0.9951,0.9887,0.9861,0.9924,0.9937,0.998,0.9886,0.9959,0.9957,0.9959,0.9951,0.9938,0.9991,0.9635,0.9967,0.9974,0.9902,0.9902,0.9945,0.9948,0.9967,0.9947,0.7388,0.739,0.6967,0.6514,0.6804,0.6554,0.7154,0.7608,0.7048,0.7051,0.6708,0.7345,0.6807,0.6605,0.8025,0.7532,0.6665,0.7205,0.5972,0.7108,0.6526,0.7504,0.5887,0.6563,0.7347,0.7383,0.6736,0.6536,0.6805,0.786,0.7069,0.7255,0.7431,0.5541,0.6496,0.7424,0.7132,0.6419,0.7403,0.6812,0.6344,0.6881,0.7156,0.7501,0.6838,0.7321,0.7169,0.7268,0.8238,0.7192,0.4478,0.5111,0.5369,0.5171,0.4893,0.4891,0.4994,0.5098,0.4785,0.565,0.638,0.5385,0.5682,0.4776,0.4783,0.5797,0.5629,0.5616,0.4088,0.5107,0.5602,0.531,0.4718,0.5966,0.5693,0.5717,0.6184,0.6233,0.4913,0.5856,0.5247,0.6213,0.4828,0.598,0.4896,0.5431,0.5404,0.5666,0.632,0.6027,0.537,0.6322,0.5111,0.5219,0.5419,0.5903,0.5467,0.5954,0.573,0.572],[0.9999,0.996,0.9999,0.9973,0.999,0.9991,0.9984,0.999,0.9974,0.9958,0.9998,0.997,0.9965,0.9997,0.9984,0.9952,0.9977,1,0.9991,0.9979,0.9954,0.9993,0.9919,0.9968,0.9891,0.9916,0.9992,0.9994,0.9994,0.9961,0.995,0.9975,0.9928,0.9958,0.9965,0.999,0.9989,0.9976,0.9994,0.999,0.9997,0.9764,0.9986,1,0.9951,0.9969,0.9967,0.999,0.9996,0.9994,0.7821,0.7825,0.7431,0.7004,0.7276,0.7048,0.7608,0.8026,0.7507,0.7512,0.7186,0.7784,0.7276,0.7096,0.8405,0.7953,0.7152,0.7655,0.6485,0.7563,0.7021,0.7927,0.6414,0.7056,0.7784,0.7816,0.7213,0.7027,0.7282,0.8253,0.7525,0.7698,0.7861,0.6088,0.6992,0.7858,0.7585,0.6911,0.7839,0.7287,0.685,0.7354,0.7607,0.7926,0.7314,0.7763,0.7622,0.7712,0.8592,0.7643,0.5069,0.5678,0.5921,0.5736,0.5468,0.5465,0.5566,0.5665,0.5362,0.6192,0.6882,0.5937,0.6219,0.5354,0.5358,0.633,0.6172,0.616,0.4688,0.5671,0.6144,0.5868,0.5298,0.6487,0.6234,0.6257,0.6695,0.6745,0.5487,0.6387,0.5805,0.6726,0.5404,0.6506,0.5472,0.5974,0.5958,0.6208,0.6826,0.6546,0.5921,0.6816,0.5678,0.5781,0.5969,0.6422,0.6009,0.6478,0.6269,0.6259],[0.9994,0.9984,0.9996,0.9993,0.9977,0.9984,0.9969,0.9998,0.9995,0.9988,0.9995,0.9981,0.999,0.9984,0.9953,0.9909,0.994,0.9991,1,0.996,0.9985,0.9976,0.9863,0.999,0.993,0.9959,1,0.9999,0.9998,0.9985,0.9983,0.9983,0.9902,0.9922,0.999,0.9986,0.9985,0.9964,0.9998,1,0.9977,0.982,0.9975,0.9992,0.996,0.9987,0.996,0.9994,0.9991,1,0.8072,0.8078,0.7702,0.7291,0.7552,0.7339,0.7873,0.8267,0.7774,0.7782,0.7465,0.8038,0.755,0.7384,0.8622,0.8196,0.7438,0.7918,0.6786,0.7828,0.7313,0.817,0.6725,0.7347,0.8036,0.8065,0.7492,0.7316,0.7561,0.8477,0.7791,0.7956,0.811,0.6415,0.7285,0.811,0.7849,0.7198,0.8092,0.7564,0.7149,0.7631,0.7869,0.817,0.7592,0.802,0.7886,0.7969,0.8791,0.7905,0.5426,0.6017,0.625,0.6074,0.5813,0.5809,0.5909,0.6004,0.5708,0.6514,0.7178,0.6265,0.6537,0.5699,0.5702,0.6646,0.6496,0.6485,0.5048,0.6007,0.6465,0.6201,0.5646,0.6795,0.6555,0.6577,0.6996,0.7047,0.5829,0.6703,0.6137,0.703,0.5748,0.6817,0.5818,0.6296,0.6289,0.6531,0.7125,0.6851,0.6248,0.7104,0.6017,0.6116,0.6297,0.6728,0.6331,0.6788,0.659,0.6581],[0.9983,0.9893,0.9979,0.9951,0.9998,0.9994,0.9999,0.9972,0.994,0.9913,0.9982,0.9972,0.9913,0.9992,0.9969,0.9985,0.9976,0.9979,0.996,1,0.9902,0.9996,0.9961,0.991,0.9897,0.9842,0.9963,0.997,0.9957,0.9945,0.9909,0.991,0.9984,0.9992,0.9913,0.9941,0.9939,0.9998,0.9975,0.9962,0.9985,0.9615,0.9998,0.9974,0.9972,0.9905,0.9993,0.9982,0.9989,0.996,0.7586,0.7609,0.7186,0.6727,0.7009,0.6841,0.7406,0.7815,0.7264,0.7298,0.6913,0.7563,0.6995,0.6873,0.8197,0.7715,0.6961,0.7447,0.6162,0.7325,0.6815,0.7683,0.6132,0.6839,0.7544,0.7571,0.6946,0.6765,0.705,0.8024,0.7277,0.7458,0.7629,0.5841,0.6817,0.7686,0.7345,0.6611,0.7657,0.7037,0.6637,0.7141,0.7364,0.7691,0.7091,0.7586,0.7421,0.7482,0.8365,0.7425,0.4824,0.5412,0.5634,0.5494,0.5196,0.518,0.5332,0.5396,0.5067,0.5932,0.6628,0.5647,0.5931,0.5054,0.5048,0.6057,0.5926,0.5938,0.4364,0.5375,0.586,0.5609,0.5004,0.6197,0.599,0.6012,0.6418,0.6502,0.52,0.6133,0.551,0.6501,0.5108,0.6263,0.5244,0.5653,0.5718,0.598,0.6586,0.626,0.5622,0.6501,0.5412,0.5509,0.5687,0.6108,0.5692,0.6203,0.6039,0.6037],[0.996,0.9993,0.9965,0.9989,0.9928,0.9944,0.9917,0.9979,0.9995,0.9999,0.9964,0.9963,0.9999,0.9939,0.9889,0.9822,0.9867,0.9954,0.9985,0.9902,1,0.9923,0.9758,0.9996,0.9941,0.9993,0.9984,0.9979,0.9978,0.9984,0.9998,0.9974,0.9828,0.9842,0.9999,0.996,0.996,0.9915,0.9975,0.9985,0.9926,0.9883,0.9929,0.9958,0.9934,0.9989,0.9914,0.9968,0.9955,0.9981,0.8384,0.8388,0.804,0.7656,0.79,0.7693,0.8195,0.8562,0.8107,0.8111,0.7819,0.8351,0.7898,0.7739,0.8887,0.8498,0.7784,0.8238,0.7179,0.8157,0.7669,0.8474,0.7121,0.7702,0.835,0.8378,0.7844,0.7678,0.7907,0.8756,0.8123,0.8276,0.8419,0.6821,0.7635,0.8411,0.8176,0.7568,0.8396,0.7911,0.7515,0.797,0.8195,0.8474,0.7935,0.8328,0.8207,0.8288,0.9039,0.8227,0.587,0.6442,0.6668,0.6494,0.6247,0.6245,0.6334,0.643,0.6149,0.6918,0.7548,0.6682,0.6942,0.6141,0.6144,0.7045,0.6898,0.6884,0.5514,0.6436,0.6874,0.6619,0.6089,0.7187,0.6955,0.6976,0.7377,0.7423,0.6265,0.7097,0.656,0.7404,0.6188,0.7205,0.6245,0.6713,0.67,0.693,0.7497,0.7241,0.6667,0.7479,0.6442,0.6538,0.6713,0.7124,0.6746,0.718,0.6986,0.6976],[0.9994,0.9923,0.9991,0.996,0.9999,0.9996,0.9997,0.9982,0.9955,0.9932,0.9993,0.9971,0.9936,0.9999,0.9985,0.9979,0.9985,0.9993,0.9976,0.9996,0.9923,1,0.9953,0.9937,0.9889,0.9873,0.9978,0.9983,0.9977,0.995,0.9925,0.9942,0.9964,0.9984,0.9936,0.9968,0.9966,0.9991,0.9986,0.9976,0.9996,0.9679,0.9996,0.999,0.9962,0.9935,0.9984,0.9987,0.9995,0.9978,0.7656,0.7669,0.7257,0.681,0.709,0.6889,0.7457,0.7875,0.7334,0.7354,0.6996,0.7625,0.7083,0.6929,0.826,0.7788,0.7002,0.7501,0.6265,0.7393,0.6863,0.7758,0.6213,0.6892,0.7616,0.7645,0.7026,0.6841,0.7113,0.8096,0.735,0.7529,0.7698,0.5902,0.6849,0.7724,0.7415,0.6705,0.77,0.7109,0.6686,0.7195,0.7435,0.7762,0.7149,0.7626,0.7471,0.7548,0.8441,0.7484,0.4878,0.548,0.5714,0.555,0.5266,0.5256,0.5383,0.5465,0.5148,0.6,0.6698,0.5728,0.6013,0.5137,0.5136,0.6133,0.5987,0.5987,0.4456,0.5458,0.594,0.5675,0.5084,0.6283,0.605,0.6073,0.6498,0.6565,0.5277,0.62,0.5593,0.6556,0.5189,0.6324,0.5292,0.5751,0.5775,0.6032,0.6649,0.6344,0.5708,0.6602,0.548,0.558,0.5765,0.6206,0.5788,0.6281,0.6092,0.6087],[0.9914,0.9765,0.9906,0.983,0.9946,0.9929,0.9951,0.9877,0.9817,0.9773,0.9909,0.9867,0.9781,0.9939,0.9956,0.9994,0.9974,0.9919,0.9863,0.9961,0.9758,0.9953,1,0.9786,0.9737,0.9674,0.9867,0.988,0.987,0.9815,0.9761,0.9815,0.996,0.9987,0.9781,0.9872,0.9868,0.9942,0.9887,0.9863,0.9946,0.9424,0.994,0.991,0.9873,0.9789,0.9929,0.9895,0.992,0.9869,0.7001,0.7019,0.6562,0.6072,0.6377,0.6176,0.6791,0.7247,0.6647,0.6675,0.6274,0.697,0.6368,0.6213,0.7679,0.7147,0.6304,0.6838,0.5482,0.6712,0.6148,0.7113,0.543,0.6176,0.6956,0.6988,0.6307,0.6108,0.6408,0.7491,0.6663,0.6861,0.7048,0.511,0.6147,0.7095,0.6735,0.5957,0.7065,0.64,0.5956,0.6503,0.6757,0.7118,0.6451,0.6985,0.6807,0.6883,0.7884,0.6816,0.4037,0.4659,0.49,0.4741,0.4433,0.4418,0.4569,0.4643,0.4303,0.521,0.5956,0.4915,0.5217,0.429,0.4287,0.5347,0.5201,0.521,0.3574,0.4628,0.514,0.4866,0.4236,0.5504,0.5268,0.5291,0.5737,0.5816,0.444,0.5423,0.4771,0.5812,0.4346,0.5559,0.4476,0.4934,0.4978,0.5255,0.5907,0.557,0.4892,0.5846,0.4659,0.4763,0.4955,0.5419,0.4974,0.5505,0.5318,0.5314],[0.997,0.9999,0.9975,0.9983,0.9937,0.995,0.9924,0.9981,0.9992,0.9994,0.9972,0.9955,0.9999,0.9951,0.9918,0.9843,0.9895,0.9968,0.999,0.991,0.9996,0.9937,0.9786,1,0.9913,0.9987,0.9988,0.9984,0.9989,0.9974,0.9989,0.9991,0.983,0.9858,0.9999,0.998,0.998,0.9917,0.998,0.9988,0.9945,0.9893,0.9934,0.9973,0.9922,0.9998,0.9912,0.9969,0.9962,0.9989,0.828,0.8276,0.7925,0.7539,0.7789,0.7551,0.807,0.8458,0.7994,0.7987,0.7707,0.824,0.7793,0.7604,0.8799,0.8401,0.764,0.8117,0.7066,0.8043,0.7525,0.8378,0.6988,0.7564,0.8247,0.8278,0.773,0.7556,0.7781,0.8669,0.8012,0.8169,0.8315,0.6666,0.7481,0.8285,0.8065,0.7459,0.8273,0.7793,0.7369,0.7839,0.8086,0.8374,0.7806,0.82,0.8082,0.8177,0.897,0.8109,0.5692,0.6284,0.6525,0.6329,0.6087,0.6089,0.6162,0.6273,0.5995,0.677,0.7417,0.654,0.6807,0.5989,0.5997,0.6906,0.6745,0.6722,0.5359,0.629,0.6734,0.6463,0.5934,0.7059,0.6802,0.6825,0.725,0.7284,0.611,0.6952,0.6417,0.7258,0.6036,0.7059,0.607,0.6585,0.6539,0.6771,0.7359,0.7113,0.6528,0.7373,0.6284,0.6385,0.6568,0.7006,0.6618,0.7046,0.6829,0.6817],[0.9913,0.9897,0.9913,0.9967,0.991,0.9927,0.9911,0.9945,0.9954,0.995,0.992,0.9974,0.9933,0.99,0.9801,0.9806,0.9795,0.9891,0.993,0.9897,0.9941,0.9889,0.9737,0.9913,1,0.9913,0.9932,0.9932,0.9904,0.9979,0.9962,0.9857,0.9878,0.9839,0.9933,0.9853,0.9851,0.9925,0.9935,0.9938,0.9863,0.9686,0.9923,0.9889,0.9975,0.9889,0.9938,0.9946,0.9924,0.9918,0.8331,0.8371,0.8,0.7585,0.7828,0.7755,0.8224,0.8538,0.8066,0.8125,0.7743,0.8331,0.7797,0.7768,0.883,0.8427,0.7868,0.8251,0.7047,0.8121,0.7734,0.8395,0.7077,0.7745,0.8292,0.8306,0.7778,0.7635,0.7904,0.8673,0.807,0.8224,0.8368,0.6865,0.7758,0.8475,0.8134,0.7455,0.8444,0.7873,0.7578,0.7999,0.8145,0.8414,0.7948,0.8391,0.8237,0.8256,0.892,0.8224,0.5965,0.6472,0.6642,0.6565,0.6275,0.6246,0.6428,0.6455,0.6136,0.6931,0.753,0.6651,0.6898,0.6119,0.6101,0.7025,0.694,0.6971,0.5471,0.6406,0.6843,0.665,0.608,0.7124,0.6998,0.7015,0.7327,0.7436,0.6263,0.711,0.6525,0.7453,0.617,0.7232,0.6354,0.6616,0.6764,0.7002,0.751,0.7182,0.6619,0.7341,0.6472,0.6551,0.6694,0.7014,0.6654,0.7148,0.7051,0.7055],[0.9922,0.9989,0.993,0.9964,0.9877,0.9898,0.9861,0.9947,0.9976,0.9989,0.9927,0.9925,0.9989,0.9894,0.984,0.9748,0.981,0.9916,0.9959,0.9842,0.9993,0.9873,0.9674,0.9987,0.9913,1,0.9957,0.9948,0.9953,0.9959,0.9987,0.9963,0.9751,0.977,0.9989,0.9936,0.9937,0.9858,0.9942,0.9958,0.9881,0.9928,0.9877,0.9923,0.9887,0.9982,0.9857,0.9931,0.9913,0.9956,0.8554,0.8551,0.8224,0.7862,0.8097,0.7871,0.8358,0.8718,0.8289,0.8281,0.802,0.8517,0.8099,0.7922,0.9029,0.8665,0.7953,0.8402,0.7413,0.8335,0.7847,0.8644,0.7342,0.7884,0.8523,0.8552,0.8042,0.7879,0.809,0.891,0.8306,0.8451,0.8587,0.7035,0.7801,0.8554,0.8355,0.7785,0.8544,0.8101,0.77,0.8143,0.8374,0.8641,0.8113,0.8476,0.8369,0.8459,0.9181,0.8395,0.61,0.6671,0.6901,0.6712,0.6481,0.6484,0.6551,0.666,0.6394,0.7135,0.7748,0.6916,0.717,0.6388,0.6395,0.7264,0.711,0.7086,0.5781,0.6676,0.7101,0.6841,0.6335,0.7409,0.7164,0.7186,0.759,0.7622,0.6505,0.7308,0.6798,0.7596,0.6433,0.7409,0.6462,0.6957,0.6913,0.7134,0.7693,0.7461,0.6904,0.7703,0.6671,0.6767,0.6943,0.7357,0.6988,0.7397,0.7189,0.7177],[0.9995,0.9981,0.9996,0.9993,0.9979,0.9986,0.9972,0.9999,0.9995,0.9987,0.9996,0.9984,0.9989,0.9986,0.9954,0.9913,0.9942,0.9992,1,0.9963,0.9984,0.9978,0.9867,0.9988,0.9932,0.9957,1,1,0.9997,0.9986,0.9982,0.9981,0.9907,0.9926,0.9989,0.9985,0.9984,0.9968,0.9999,1,0.9979,0.9812,0.9978,0.9993,0.9963,0.9985,0.9963,0.9995,0.9992,0.9999,0.8059,0.8066,0.7689,0.7276,0.7537,0.7328,0.7863,0.8256,0.7761,0.777,0.745,0.8026,0.7534,0.7372,0.8611,0.8183,0.7429,0.7907,0.6768,0.7815,0.7302,0.8156,0.671,0.7335,0.8023,0.8052,0.7477,0.7301,0.7549,0.8465,0.7777,0.7942,0.8098,0.6401,0.7276,0.8102,0.7835,0.7181,0.8083,0.7551,0.7138,0.762,0.7855,0.8157,0.758,0.8012,0.7876,0.7957,0.8778,0.7893,0.5413,0.6002,0.6234,0.6061,0.5797,0.5792,0.5896,0.5989,0.5691,0.65,0.7163,0.6248,0.6521,0.5682,0.5684,0.6631,0.6482,0.6473,0.5029,0.599,0.6449,0.6187,0.5629,0.6778,0.6542,0.6564,0.698,0.7034,0.5813,0.6689,0.612,0.7018,0.5731,0.6804,0.5806,0.6277,0.6276,0.6519,0.7112,0.6835,0.6231,0.7086,0.6002,0.6101,0.6281,0.671,0.6312,0.6773,0.6577,0.6569],[0.9997,0.9975,0.9998,0.9992,0.9985,0.9991,0.9978,0.9999,0.9993,0.9983,0.9998,0.9986,0.9985,0.999,0.9959,0.9924,0.9949,0.9994,0.9999,0.997,0.9979,0.9983,0.988,0.9984,0.9932,0.9948,1,1,0.9997,0.9985,0.9978,0.9977,0.9919,0.9936,0.9985,0.9983,0.9982,0.9974,1,0.9999,0.9982,0.9795,0.9983,0.9994,0.9968,0.998,0.997,0.9997,0.9995,0.9999,0.8014,0.8022,0.764,0.7222,0.7486,0.7281,0.7819,0.8214,0.7713,0.7725,0.7398,0.7982,0.7481,0.7324,0.8572,0.8138,0.7384,0.7863,0.6708,0.7767,0.7256,0.8111,0.6653,0.7287,0.7977,0.8006,0.7425,0.7249,0.7501,0.8422,0.7729,0.7896,0.8053,0.6347,0.7232,0.8062,0.7788,0.7125,0.8043,0.7501,0.709,0.7574,0.7808,0.8113,0.7533,0.7971,0.7832,0.7911,0.8739,0.7848,0.5355,0.5944,0.6175,0.6006,0.5738,0.5732,0.5841,0.593,0.563,0.6444,0.7111,0.6189,0.6463,0.562,0.5621,0.6575,0.6428,0.6421,0.4963,0.5929,0.6392,0.613,0.5568,0.6721,0.6488,0.651,0.6925,0.6982,0.5753,0.6634,0.606,0.6968,0.567,0.6751,0.5751,0.6216,0.6222,0.6467,0.7061,0.6779,0.6171,0.7029,0.5944,0.6043,0.6223,0.6651,0.6251,0.6717,0.6525,0.6517],[0.9994,0.9984,0.9996,0.9983,0.9974,0.998,0.9965,0.9993,0.9988,0.998,0.9994,0.9969,0.9986,0.9985,0.9965,0.9913,0.9951,0.9994,0.9998,0.9957,0.9978,0.9977,0.987,0.9989,0.9904,0.9953,0.9997,0.9997,1,0.9972,0.9973,0.9991,0.9892,0.9922,0.9986,0.9995,0.9994,0.9957,0.9995,0.9996,0.9983,0.9828,0.997,0.9996,0.9943,0.9989,0.9949,0.9988,0.9988,0.9999,0.8016,0.8016,0.764,0.723,0.7494,0.7257,0.7802,0.8209,0.7713,0.7712,0.7406,0.7976,0.7496,0.7308,0.8574,0.8144,0.7354,0.7849,0.6732,0.7766,0.7231,0.8119,0.6655,0.7268,0.798,0.8012,0.7432,0.725,0.7492,0.8431,0.7731,0.7898,0.8054,0.6328,0.7193,0.8036,0.7788,0.7143,0.8021,0.75,0.7065,0.7557,0.781,0.8117,0.752,0.7946,0.7815,0.7909,0.8756,0.7839,0.5326,0.593,0.6174,0.5981,0.5725,0.5725,0.5812,0.5917,0.5626,0.6433,0.7107,0.6189,0.6466,0.5619,0.5625,0.6571,0.641,0.6392,0.4968,0.593,0.6391,0.6115,0.5563,0.6728,0.647,0.6493,0.6928,0.697,0.5747,0.6623,0.6061,0.6947,0.5668,0.6736,0.5718,0.6232,0.6199,0.6441,0.7049,0.6785,0.6176,0.7053,0.593,0.6032,0.622,0.6669,0.6266,0.6717,0.6501,0.649],[0.9973,0.9963,0.9974,0.9999,0.996,0.9973,0.9956,0.999,0.9995,0.999,0.9977,0.9994,0.9983,0.9961,0.9898,0.9873,0.9887,0.9961,0.9985,0.9945,0.9984,0.995,0.9815,0.9974,0.9979,0.9959,0.9986,0.9985,0.9972,1,0.9992,0.9944,0.9902,0.9896,0.9983,0.9942,0.9941,0.996,0.9986,0.9988,0.994,0.9783,0.9965,0.9961,0.9982,0.9961,0.9964,0.9988,0.9976,0.9979,0.8227,0.8248,0.7876,0.7465,0.7717,0.7566,0.807,0.8427,0.7945,0.7975,0.7631,0.8208,0.7702,0.7597,0.8752,0.8338,0.7671,0.8106,0.6947,0.7999,0.7543,0.831,0.6927,0.7566,0.819,0.8213,0.7661,0.7501,0.7756,0.8602,0.7956,0.8115,0.8265,0.666,0.7537,0.8311,0.8016,0.7356,0.8288,0.7744,0.7383,0.7836,0.8032,0.8318,0.7792,0.8225,0.8083,0.8138,0.8884,0.8087,0.5712,0.6265,0.647,0.6338,0.6064,0.6049,0.6185,0.625,0.5945,0.6745,0.7377,0.6482,0.6743,0.5933,0.5926,0.6859,0.6738,0.6745,0.5284,0.623,0.6679,0.6446,0.5886,0.6986,0.6797,0.6816,0.7187,0.7264,0.6068,0.6928,0.6355,0.7262,0.5983,0.7046,0.6102,0.6484,0.6545,0.6785,0.734,0.7043,0.6459,0.7253,0.6265,0.6355,0.6519,0.69,0.652,0.6993,0.6839,0.6836],[0.9959,0.9984,0.9964,0.9993,0.9933,0.9949,0.9924,0.9981,0.9996,0.9999,0.9964,0.9974,0.9995,0.994,0.988,0.9827,0.9861,0.995,0.9983,0.9909,0.9998,0.9925,0.9761,0.9989,0.9962,0.9987,0.9982,0.9978,0.9973,0.9992,1,0.9961,0.9846,0.9849,0.9995,0.9948,0.9947,0.9925,0.9976,0.9985,0.9922,0.9855,0.9936,0.9953,0.9951,0.9979,0.9927,0.9972,0.9958,0.9978,0.8385,0.8395,0.8043,0.7653,0.7897,0.7716,0.8212,0.8569,0.811,0.8125,0.7815,0.8358,0.789,0.7755,0.8887,0.8495,0.7811,0.8251,0.7164,0.8161,0.7692,0.847,0.7123,0.7721,0.835,0.8375,0.7842,0.7681,0.7917,0.8751,0.8124,0.8277,0.842,0.684,0.7669,0.8434,0.8179,0.7557,0.8416,0.7915,0.7538,0.7986,0.8196,0.8474,0.7948,0.8351,0.8224,0.8293,0.9027,0.8237,0.5899,0.6458,0.6674,0.6518,0.6263,0.6255,0.6362,0.6445,0.6157,0.6931,0.7555,0.6687,0.6945,0.6147,0.6146,0.7052,0.6917,0.6911,0.5516,0.6441,0.6878,0.6635,0.6098,0.7186,0.6974,0.6994,0.7378,0.7436,0.6275,0.711,0.6564,0.7424,0.6195,0.7221,0.6276,0.6705,0.6723,0.6954,0.751,0.724,0.6669,0.7463,0.6458,0.6551,0.672,0.7114,0.6739,0.7185,0.7009,0.7002],[0.997,0.9992,0.9975,0.996,0.9936,0.9944,0.9921,0.9969,0.9973,0.9972,0.997,0.9929,0.9983,0.9955,0.9946,0.9861,0.9924,0.9975,0.9983,0.991,0.9974,0.9942,0.9815,0.9991,0.9857,0.9963,0.9981,0.9977,0.9991,0.9944,0.9961,1,0.9821,0.9868,0.9983,0.9995,0.9995,0.9908,0.9972,0.9979,0.996,0.989,0.9928,0.998,0.9891,0.9997,0.9896,0.9958,0.9958,0.9987,0.8111,0.8097,0.774,0.7351,0.7609,0.7327,0.7871,0.8288,0.7811,0.7789,0.7525,0.806,0.7622,0.739,0.8653,0.8242,0.7413,0.7923,0.6884,0.7861,0.73,0.8221,0.6778,0.7345,0.8078,0.8114,0.7546,0.736,0.7581,0.8525,0.7834,0.7996,0.8147,0.6424,0.724,0.8086,0.7885,0.7281,0.8077,0.7603,0.7139,0.7633,0.7909,0.8211,0.7603,0.7998,0.7883,0.7998,0.8852,0.792,0.5419,0.6038,0.6299,0.6072,0.5837,0.5847,0.5897,0.6028,0.5755,0.6539,0.7211,0.6316,0.6592,0.5751,0.5765,0.6687,0.6505,0.647,0.5118,0.606,0.6514,0.622,0.5692,0.6856,0.6563,0.6588,0.7048,0.7065,0.587,0.6725,0.6191,0.7029,0.5798,0.683,0.5799,0.6382,0.6289,0.6524,0.7142,0.691,0.6309,0.7201,0.6038,0.6145,0.6341,0.6816,0.6413,0.6834,0.6585,0.6569],[0.9937,0.9805,0.9929,0.9902,0.9971,0.9964,0.998,0.9925,0.9882,0.9845,0.9937,0.9945,0.9839,0.9955,0.9919,0.9977,0.9937,0.9928,0.9902,0.9984,0.9828,0.9964,0.996,0.983,0.9878,0.9751,0.9907,0.9919,0.9892,0.9902,0.9846,0.9821,1,0.9987,0.9839,0.9865,0.9861,0.9984,0.9927,0.9907,0.9939,0.9458,0.9975,0.9919,0.9962,0.9818,0.9985,0.9943,0.9951,0.99,0.7389,0.7428,0.6984,0.6501,0.6788,0.6679,0.7241,0.7637,0.7063,0.7123,0.6689,0.738,0.6762,0.6695,0.8017,0.7514,0.6811,0.7276,0.5898,0.7129,0.6654,0.7477,0.5906,0.6667,0.7343,0.7365,0.6727,0.6552,0.6862,0.7827,0.7072,0.7258,0.7434,0.5651,0.6683,0.7545,0.7146,0.6364,0.7508,0.6832,0.647,0.697,0.7162,0.7493,0.6911,0.7442,0.7257,0.7292,0.8164,0.7245,0.4643,0.5209,0.5407,0.5311,0.4989,0.4959,0.5157,0.519,0.4839,0.5729,0.6423,0.5418,0.5701,0.4822,0.4806,0.5841,0.5737,0.577,0.4113,0.5142,0.5635,0.5409,0.4776,0.5964,0.5802,0.5821,0.6195,0.6309,0.4978,0.5933,0.5278,0.6325,0.4878,0.6072,0.5075,0.5395,0.5536,0.5805,0.6395,0.603,0.5386,0.6241,0.5209,0.5299,0.5465,0.5852,0.5436,0.5984,0.5862,0.5867],[0.9959,0.9838,0.9952,0.9904,0.9983,0.9973,0.9987,0.9936,0.9892,0.9856,0.9956,0.9935,0.9858,0.9975,0.9967,0.9998,0.998,0.9958,0.9922,0.9992,0.9842,0.9984,0.9987,0.9858,0.9839,0.977,0.9926,0.9936,0.9922,0.9896,0.9849,0.9868,0.9987,1,0.9858,0.9912,0.9909,0.9983,0.9943,0.9924,0.9973,0.9524,0.9981,0.995,0.994,0.9855,0.9976,0.9951,0.9966,0.9925,0.7325,0.7348,0.6908,0.6433,0.6725,0.6552,0.7138,0.7564,0.6989,0.7024,0.6625,0.7301,0.6711,0.6584,0.7967,0.7461,0.6677,0.718,0.5851,0.7053,0.6525,0.7427,0.5817,0.6549,0.7281,0.731,0.6659,0.6472,0.6767,0.7785,0.7003,0.7192,0.737,0.552,0.653,0.7431,0.7073,0.6313,0.74,0.6753,0.634,0.6862,0.7093,0.7435,0.681,0.7326,0.7153,0.7217,0.8147,0.7156,0.448,0.5079,0.5305,0.5164,0.4858,0.484,0.4999,0.5063,0.4726,0.5612,0.6329,0.5319,0.5611,0.4712,0.4706,0.5741,0.5607,0.5621,0.4008,0.504,0.5538,0.5281,0.4661,0.5885,0.5673,0.5695,0.6112,0.6199,0.4861,0.5819,0.5178,0.62,0.4767,0.5953,0.491,0.5326,0.5394,0.5663,0.6287,0.595,0.5294,0.6201,0.5079,0.5178,0.536,0.5794,0.5366,0.5891,0.5723,0.5722],[0.9969,0.9996,0.9974,0.999,0.9939,0.9953,0.9927,0.9984,0.9996,0.9999,0.9972,0.9965,1,0.995,0.9907,0.9841,0.9886,0.9965,0.999,0.9913,0.9999,0.9936,0.9781,0.9999,0.9933,0.9989,0.9989,0.9985,0.9986,0.9983,0.9995,0.9983,0.9839,0.9858,1,0.9971,0.9971,0.9923,0.9981,0.999,0.994,0.9881,0.9938,0.9969,0.9935,0.9994,0.9921,0.9973,0.9963,0.9988,0.8317,0.8319,0.7967,0.7579,0.7827,0.761,0.8121,0.8498,0.8035,0.8036,0.7745,0.8282,0.7827,0.7658,0.8831,0.8435,0.7701,0.8165,0.71,0.8085,0.7585,0.8411,0.7036,0.762,0.8284,0.8312,0.777,0.76,0.783,0.8698,0.8052,0.8207,0.8353,0.6728,0.7548,0.8339,0.8106,0.7493,0.8324,0.7836,0.7429,0.7892,0.8125,0.841,0.7857,0.8255,0.8133,0.8219,0.8991,0.8155,0.5765,0.6345,0.6577,0.6396,0.6148,0.6147,0.6233,0.6333,0.6052,0.6827,0.7466,0.6591,0.6855,0.6044,0.6049,0.6957,0.6806,0.6789,0.5414,0.6342,0.6785,0.6524,0.5991,0.7104,0.6863,0.6885,0.7295,0.7338,0.6168,0.7008,0.6468,0.7317,0.6091,0.7116,0.6143,0.6627,0.6604,0.6836,0.7413,0.7158,0.6577,0.7405,0.6345,0