var hData = {"corrMat":[[1,0.8936,0.775,0.8932,0.8935,0.9016,0.882,0.8891,0.8636,0.8976,0.8986,0.8115,0.8915,0.8862,0.8909,0.8674,0.8504,0.8635,0.8621,0.8797,0.893,0.8726,0.8642,0.8554,0.8662,0.8877,0.8434,0.8314,0.8871,0.886,0.7693,0.8695,0.8665,0.8757,0.891,0.8839,0.8189,0.8785,0.8293,0.8715,0.8658,0.7457,0.863,0.8621,0.7874,0.8617,0.7975,0.8148,0.869,0.862,0.862,0.882,0.8885,0.7641,0.8665,0.8823,0.8322],[0.8936,1,0.7742,0.904,0.9032,0.9083,0.8849,0.8952,0.8791,0.9113,0.908,0.8064,0.8936,0.8978,0.8997,0.8784,0.8567,0.8772,0.8729,0.8871,0.9058,0.8798,0.863,0.8576,0.8682,0.8943,0.8371,0.8358,0.8824,0.8943,0.7657,0.8777,0.877,0.8778,0.888,0.8826,0.8242,0.8859,0.836,0.8757,0.8713,0.7469,0.8605,0.8655,0.7888,0.8649,0.7932,0.8046,0.8727,0.8654,0.8727,0.881,0.8864,0.7611,0.869,0.8863,0.8492],[0.775,0.7742,1,0.7554,0.757,0.7872,0.7555,0.7701,0.7838,0.7669,0.7782,0.8887,0.7887,0.7783,0.7745,0.7261,0.7303,0.728,0.7188,0.7351,0.7417,0.7373,0.7341,0.7715,0.7536,0.7871,0.795,0.7087,0.7906,0.7913,0.7202,0.7008,0.7363,0.7417,0.7821,0.7779,0.7,0.7341,0.7797,0.7272,0.7256,0.7606,0.7949,0.8334,0.866,0.7706,0.8344,0.8404,0.7398,0.7277,0.7719,0.796,0.8152,0.8619,0.7839,0.7514,0.7071],[0.8932,0.904,0.7554,1,0.9368,0.9253,0.9104,0.9087,0.8723,0.9322,0.9251,0.796,0.9101,0.9095,0.9066,0.9185,0.8842,0.8953,0.9172,0.9171,0.9274,0.9112,0.8799,0.8622,0.8951,0.8986,0.8392,0.8514,0.8902,0.8963,0.7685,0.8934,0.8798,0.8947,0.9009,0.8927,0.8462,0.8958,0.8317,0.9081,0.8916,0.7391,0.8627,0.8591,0.7722,0.8879,0.7924,0.8088,0.894,0.8847,0.8677,0.8898,0.891,0.7501,0.8884,0.9015,0.85],[0.8935,0.9032,0.757,0.9368,1,0.9253,0.9038,0.9077,0.8721,0.9263,0.9223,0.7991,0.9075,0.9074,0.9085,0.9047,0.8699,0.887,0.9017,0.9109,0.9249,0.9008,0.8828,0.8622,0.8855,0.899,0.8416,0.8467,0.8969,0.8937,0.7725,0.8937,0.8811,0.8969,0.9069,0.899,0.8373,0.8935,0.8316,0.8992,0.8898,0.7351,0.8635,0.8569,0.7724,0.8784,0.7932,0.8058,0.893,0.8832,0.8684,0.8896,0.8957,0.748,0.8751,0.8994,0.8415],[0.9016,0.9083,0.7872,0.9253,0.9253,1,0.9039,0.9093,0.886,0.92,0.9206,0.8271,0.9151,0.9112,0.9142,0.8907,0.8673,0.8905,0.8832,0.9023,0.9235,0.8911,0.8823,0.874,0.8795,0.9073,0.859,0.8453,0.9056,0.9137,0.7719,0.8842,0.8859,0.8902,0.9094,0.9072,0.8298,0.8966,0.8538,0.8906,0.8842,0.758,0.8694,0.874,0.7996,0.8785,0.8108,0.8346,0.8827,0.8767,0.8787,0.898,0.9043,0.7795,0.8813,0.8987,0.8387],[0.882,0.8849,0.7555,0.9104,0.9038,0.9039,1,0.9179,0.87,0.9169,0.9167,0.8053,0.9056,0.9011,0.8968,0.8977,0.8738,0.8798,0.9018,0.9055,0.9107,0.9074,0.8774,0.8559,0.8935,0.9003,0.8513,0.8397,0.8976,0.8956,0.7716,0.8922,0.8776,0.8997,0.9053,0.8944,0.8374,0.8927,0.8292,0.8995,0.8823,0.7312,0.8716,0.8603,0.773,0.8836,0.8003,0.8102,0.8884,0.8745,0.8611,0.896,0.8977,0.759,0.8707,0.886,0.8216],[0.8891,0.8952,0.7701,0.9087,0.9077,0.9093,0.9179,1,0.8758,0.9201,0.9211,0.8159,0.9161,0.9066,0.9068,0.8888,0.867,0.8763,0.8964,0.9042,0.9136,0.9042,0.8813,0.8647,0.895,0.909,0.86,0.8414,0.908,0.9043,0.7753,0.8938,0.882,0.9029,0.9135,0.9034,0.8313,0.8938,0.8344,0.898,0.8825,0.7352,0.8794,0.874,0.7878,0.8841,0.8109,0.821,0.8937,0.8797,0.8637,0.9015,0.9101,0.7699,0.875,0.8904,0.8238],[0.8636,0.8791,0.7838,0.8723,0.8721,0.886,0.87,0.8758,1,0.8836,0.8893,0.835,0.8728,0.8775,0.8778,0.8368,0.8231,0.837,0.8471,0.8635,0.8757,0.8536,0.8471,0.8573,0.8561,0.887,0.8408,0.8026,0.8718,0.878,0.7613,0.849,0.8623,0.8566,0.8747,0.8693,0.7975,0.8594,0.8253,0.8481,0.8404,0.7437,0.8549,0.8649,0.8124,0.854,0.8058,0.8215,0.8563,0.8539,0.8631,0.8691,0.8749,0.7757,0.847,0.8566,0.8142],[0.8976,0.9113,0.7669,0.9322,0.9263,0.92,0.9169,0.9201,0.8836,1,0.9363,0.8165,0.9112,0.908,0.9076,0.9137,0.8839,0.894,0.9144,0.9133,0.93,0.9135,0.8782,0.865,0.9008,0.9088,0.8472,0.8562,0.8957,0.9015,0.7759,0.9013,0.8873,0.9027,0.9082,0.8995,0.8455,0.8976,0.8386,0.9075,0.8927,0.7428,0.8763,0.872,0.7802,0.8927,0.8019,0.8115,0.8951,0.8818,0.872,0.8993,0.8987,0.7561,0.889,0.9029,0.8491],[0.8986,0.908,0.7782,0.9251,0.9223,0.9206,0.9167,0.9211,0.8893,0.9363,1,0.8252,0.9253,0.9207,0.9201,0.9033,0.8751,0.8909,0.9055,0.9164,0.9288,0.9107,0.8849,0.8684,0.8975,0.9237,0.8702,0.8427,0.9149,0.913,0.7755,0.9016,0.8935,0.9027,0.923,0.9123,0.8334,0.9069,0.8386,0.9027,0.8912,0.7379,0.8832,0.8802,0.7953,0.8907,0.8197,0.825,0.9042,0.8909,0.8769,0.905,0.9188,0.7817,0.8787,0.8997,0.8368],[0.8115,0.8064,0.8887,0.796,0.7991,0.8271,0.8053,0.8159,0.835,0.8165,0.8252,1,0.8234,0.8167,0.8108,0.758,0.7619,0.7653,0.7651,0.7821,0.7898,0.7766,0.7792,0.8147,0.7981,0.8319,0.831,0.7447,0.8264,0.8256,0.7516,0.7489,0.7813,0.7861,0.8214,0.8202,0.7353,0.7785,0.8156,0.7657,0.7636,0.7709,0.8284,0.8588,0.8743,0.8098,0.8521,0.8624,0.7821,0.7706,0.8117,0.8274,0.8448,0.8533,0.8147,0.7913,0.74],[0.8915,0.8936,0.7887,0.9101,0.9075,0.9151,0.9056,0.9161,0.8728,0.9112,0.9253,0.8234,1,0.9207,0.9207,0.8928,0.87,0.8879,0.8874,0.8994,0.9136,0.9039,0.8778,0.864,0.8891,0.9073,0.8659,0.8411,0.9117,0.9105,0.773,0.8914,0.8831,0.9005,0.9162,0.9075,0.8282,0.8988,0.8413,0.8961,0.8835,0.7464,0.8801,0.8737,0.8005,0.8825,0.822,0.8335,0.8918,0.8749,0.8643,0.9048,0.9133,0.7907,0.8799,0.8952,0.828],[0.8862,0.8978,0.7783,0.9095,0.9074,0.9112,0.9011,0.9066,0.8775,0.908,0.9207,0.8167,0.9207,1,0.9253,0.8946,0.87,0.8885,0.8866,0.9002,0.9135,0.8924,0.8757,0.8594,0.8816,0.9047,0.8571,0.8369,0.901,0.9047,0.7689,0.8866,0.8812,0.8909,0.9105,0.9007,0.8248,0.8998,0.8364,0.8883,0.8794,0.7427,0.8701,0.8685,0.7932,0.8751,0.814,0.8234,0.8893,0.8792,0.8692,0.8929,0.9001,0.7861,0.8702,0.8908,0.8304],[0.8909,0.8997,0.7745,0.9066,0.9085,0.9142,0.8968,0.9068,0.8778,0.9076,0.9201,0.8108,0.9207,0.9253,1,0.8831,0.86,0.8795,0.8797,0.8978,0.9136,0.8895,0.8784,0.8646,0.8765,0.9076,0.8581,0.8337,0.9032,0.9075,0.7693,0.886,0.8857,0.8881,0.9091,0.9014,0.8216,0.901,0.8382,0.8889,0.8825,0.7392,0.8677,0.8652,0.789,0.8691,0.8063,0.8188,0.8895,0.8776,0.8721,0.8925,0.9038,0.7766,0.8666,0.8921,0.8325],[0.8674,0.8784,0.7261,0.9185,0.9047,0.8907,0.8977,0.8888,0.8368,0.9137,0.9033,0.758,0.8928,0.8946,0.8831,1,0.9143,0.912,0.9064,0.8996,0.9057,0.9043,0.8599,0.8311,0.8774,0.87,0.8122,0.867,0.8675,0.868,0.7597,0.8809,0.8628,0.8801,0.8829,0.8731,0.8483,0.8799,0.8026,0.9028,0.8786,0.7225,0.8465,0.8338,0.7373,0.8718,0.7682,0.7747,0.8763,0.8671,0.8422,0.8673,0.8679,0.7322,0.878,0.8904,0.8451],[0.8504,0.8567,0.7303,0.8842,0.8699,0.8673,0.8738,0.867,0.8231,0.8839,0.8751,0.7619,0.87,0.87,0.86,0.9143,1,0.8909,0.8702,0.8705,0.8759,0.8777,0.8411,0.8178,0.8536,0.8563,0.8058,0.8559,0.8526,0.8516,0.7634,0.857,0.8484,0.8578,0.8597,0.8516,0.8382,0.8578,0.7923,0.8752,0.8562,0.7326,0.8377,0.8276,0.742,0.8495,0.772,0.7722,0.8561,0.8483,0.8322,0.855,0.8532,0.7428,0.8587,0.8665,0.8278],[0.8635,0.8772,0.728,0.8953,0.887,0.8905,0.8798,0.8763,0.837,0.894,0.8909,0.7653,0.8879,0.8885,0.8795,0.912,0.8909,1,0.8693,0.8815,0.8981,0.8817,0.8569,0.8313,0.8538,0.8677,0.8144,0.8586,0.8663,0.8742,0.759,0.8782,0.865,0.8704,0.8789,0.8743,0.8317,0.8833,0.8185,0.8766,0.8741,0.7333,0.8398,0.8281,0.7412,0.8454,0.7677,0.7793,0.8638,0.8535,0.8448,0.8638,0.86,0.7392,0.8598,0.8803,0.8377],[0.8621,0.8729,0.7188,0.9172,0.9017,0.8832,0.9018,0.8964,0.8471,0.9144,0.9055,0.7651,0.8874,0.8866,0.8797,0.9064,0.8702,0.8693,1,0.9111,0.9076,0.9131,0.8638,0.8325,0.8966,0.8797,0.8214,0.8237,0.87,0.8724,0.7498,0.8848,0.8636,0.8853,0.8798,0.8664,0.8364,0.8773,0.7983,0.9071,0.8678,0.7038,0.8502,0.8369,0.7424,0.8876,0.7732,0.7781,0.8814,0.8726,0.8367,0.875,0.867,0.73,0.865,0.8743,0.8169],[0.8797,0.8871,0.7351,0.9171,0.9109,0.9023,0.9055,0.9042,0.8635,0.9133,0.9164,0.7821,0.8994,0.9002,0.8978,0.8996,0.8705,0.8815,0.9111,1,0.92,0.9052,0.8784,0.8526,0.8884,0.8952,0.8399,0.8357,0.8881,0.8872,0.761,0.8977,0.8815,0.8905,0.8995,0.8867,0.8356,0.8936,0.8208,0.901,0.883,0.7175,0.8584,0.8489,0.7581,0.8773,0.7844,0.7999,0.893,0.8862,0.8549,0.8854,0.8874,0.741,0.8625,0.8848,0.82],[0.893,0.9058,0.7417,0.9274,0.9249,0.9235,0.9107,0.9136,0.8757,0.93,0.9288,0.7898,0.9136,0.9135,0.9136,0.9057,0.8759,0.8981,0.9076,0.92,1,0.9041,0.8848,0.8611,0.8874,0.9082,0.8452,0.8456,0.8947,0.8981,0.765,0.9057,0.8895,0.8971,0.9108,0.9023,0.8397,0.91,0.8331,0.9024,0.8896,0.7257,0.8613,0.8529,0.7606,0.8759,0.7873,0.799,0.8952,0.8891,0.8724,0.8892,0.8915,0.7373,0.8666,0.8963,0.8427],[0.8726,0.8798,0.7373,0.9112,0.9008,0.8911,0.9074,0.9042,0.8536,0.9135,0.9107,0.7766,0.9039,0.8924,0.8895,0.9043,0.8777,0.8817,0.9131,0.9052,0.9041,1,0.8823,0.8503,0.8951,0.8898,0.8332,0.8381,0.8908,0.8889,0.7649,0.8934,0.8736,0.904,0.8992,0.8896,0.8363,0.8853,0.8141,0.9027,0.8785,0.7155,0.8685,0.8531,0.757,0.8827,0.783,0.7937,0.8902,0.8749,0.8484,0.89,0.8898,0.7476,0.8704,0.882,0.8213],[0.8642,0.863,0.7341,0.8799,0.8828,0.8823,0.8774,0.8813,0.8471,0.8782,0.8849,0.7792,0.8778,0.8757,0.8784,0.8599,0.8411,0.8569,0.8638,0.8784,0.8848,0.8823,1,0.8659,0.8549,0.8778,0.8281,0.8276,0.8746,0.8777,0.7624,0.8718,0.8617,0.8846,0.8882,0.8873,0.8159,0.8692,0.8183,0.8684,0.8622,0.7234,0.838,0.8322,0.7551,0.8472,0.772,0.7889,0.8675,0.8642,0.8462,0.8681,0.8731,0.7351,0.8401,0.8698,0.8124],[0.8554,0.8576,0.7715,0.8622,0.8622,0.874,0.8559,0.8647,0.8573,0.865,0.8684,0.8147,0.864,0.8594,0.8646,0.8311,0.8178,0.8313,0.8325,0.8526,0.8611,0.8503,0.8659,1,0.8357,0.8641,0.8219,0.8138,0.8621,0.8659,0.7665,0.8383,0.8416,0.8587,0.8718,0.8718,0.7999,0.8444,0.827,0.841,0.8354,0.7498,0.8308,0.8409,0.7937,0.8414,0.7865,0.8131,0.8371,0.8406,0.848,0.8536,0.8647,0.7556,0.8448,0.8562,0.8066],[0.8662,0.8682,0.7536,0.8951,0.8855,0.8795,0.8935,0.895,0.8561,0.9008,0.8975,0.7981,0.8891,0.8816,0.8765,0.8774,0.8536,0.8538,0.8966,0.8884,0.8874,0.8951,0.8549,0.8357,1,0.893,0.8498,0.8113,0.8847,0.8796,0.7577,0.8748,0.864,0.8821,0.8862,0.8683,0.822,0.8708,0.8089,0.8921,0.8595,0.717,0.8644,0.8579,0.7738,0.8847,0.7988,0.8046,0.878,0.8687,0.8432,0.8871,0.883,0.762,0.866,0.8646,0.8063],[0.8877,0.8943,0.7871,0.8986,0.899,0.9073,0.9003,0.909,0.887,0.9088,0.9237,0.8319,0.9073,0.9047,0.9076,0.87,0.8563,0.8677,0.8797,0.8952,0.9082,0.8898,0.8778,0.8641,0.893,1,0.8824,0.8292,0.916,0.9096,0.7757,0.8857,0.8923,0.8904,0.91,0.8976,0.8176,0.8925,0.8323,0.8783,0.8751,0.7378,0.8882,0.8838,0.8051,0.8769,0.8271,0.8326,0.8906,0.8816,0.8714,0.9008,0.9114,0.794,0.8629,0.8822,0.822],[0.8434,0.8371,0.795,0.8392,0.8416,0.859,0.8513,0.86,0.8408,0.8472,0.8702,0.831,0.8659,0.8571,0.8581,0.8122,0.8058,0.8144,0.8214,0.8399,0.8452,0.8332,0.8281,0.8219,0.8498,0.8824,1,0.777,0.8784,0.8674,0.7561,0.8251,0.8421,0.8343,0.8634,0.8538,0.778,0.8436,0.8113,0.8277,0.824,0.7301,0.8534,0.8608,0.8035,0.837,0.8286,0.8328,0.8436,0.8368,0.8347,0.8648,0.8804,0.8113,0.8234,0.8317,0.7676],[0.8314,0.8358,0.7087,0.8514,0.8467,0.8453,0.8397,0.8414,0.8026,0.8562,0.8427,0.7447,0.8411,0.8369,0.8337,0.867,0.8559,0.8586,0.8237,0.8357,0.8456,0.8381,0.8276,0.8138,0.8113,0.8292,0.777,1,0.8306,0.8288,0.7579,0.8385,0.8229,0.8393,0.8429,0.8388,0.8104,0.8251,0.7885,0.8308,0.835,0.7293,0.8094,0.8036,0.7206,0.8108,0.7366,0.7506,0.8204,0.817,0.809,0.8252,0.8247,0.7045,0.8309,0.8512,0.8144],[0.8871,0.8824,0.7906,0.8902,0.8969,0.9056,0.8976,0.908,0.8718,0.8957,0.9149,0.8264,0.9117,0.901,0.9032,0.8675,0.8526,0.8663,0.87,0.8881,0.8947,0.8908,0.8746,0.8621,0.8847,0.916,0.8784,0.8306,1,0.918,0.7735,0.8794,0.883,0.8956,0.9178,0.9069,0.8101,0.8859,0.8273,0.8788,0.8776,0.7382,0.8858,0.8814,0.8035,0.873,0.8263,0.8349,0.8914,0.8767,0.8603,0.9056,0.9205,0.8024,0.8591,0.8759,0.8021],[0.886,0.8943,0.7913,0.8963,0.8937,0.9137,0.8956,0.9043,0.878,0.9015,0.913,0.8256,0.9105,0.9047,0.9075,0.868,0.8516,0.8742,0.8724,0.8872,0.8981,0.8889,0.8777,0.8659,0.8796,0.9096,0.8674,0.8288,0.918,1,0.7725,0.8767,0.8881,0.8881,0.9056,0.9042,0.8137,0.8936,0.8376,0.8776,0.874,0.7425,0.8766,0.8791,0.8068,0.8691,0.8199,0.8315,0.8808,0.8715,0.8689,0.8998,0.9112,0.8041,0.8645,0.8818,0.8146],[0.7693,0.7657,0.7202,0.7685,0.7725,0.7719,0.7716,0.7753,0.7613,0.7759,0.7755,0.7516,0.773,0.7689,0.7693,0.7597,0.7634,0.759,0.7498,0.761,0.765,0.7649,0.7624,0.7665,0.7577,0.7757,0.7561,0.7579,0.7735,0.7725,1,0.769,0.7661,0.7735,0.7773,0.7751,0.757,0.7587,0.761,0.7585,0.7634,0.7158,0.774,0.7733,0.7332,0.7626,0.7456,0.755,0.7687,0.7556,0.7623,0.7785,0.7816,0.7196,0.7635,0.7701,0.739],[0.8695,0.8777,0.7008,0.8934,0.8937,0.8842,0.8922,0.8938,0.849,0.9013,0.9016,0.7489,0.8914,0.8866,0.886,0.8809,0.857,0.8782,0.8848,0.8977,0.9057,0.8934,0.8718,0.8383,0.8748,0.8857,0.8251,0.8385,0.8794,0.8767,0.769,1,0.888,0.8938,0.8875,0.878,0.827,0.8904,0.8111,0.8894,0.8798,0.7088,0.8563,0.8328,0.7318,0.8571,0.7609,0.7738,0.886,0.8772,0.8409,0.8737,0.8702,0.7093,0.8456,0.8753,0.8209],[0.8665,0.877,0.7363,0.8798,0.8811,0.8859,0.8776,0.882,0.8623,0.8873,0.8935,0.7813,0.8831,0.8812,0.8857,0.8628,0.8484,0.865,0.8636,0.8815,0.8895,0.8736,0.8617,0.8416,0.864,0.8923,0.8421,0.8229,0.883,0.8881,0.7661,0.888,1,0.8719,0.8815,0.8779,0.8187,0.8837,0.8196,0.8707,0.8676,0.7312,0.854,0.8462,0.7625,0.8518,0.7789,0.7957,0.8719,0.8657,0.8514,0.8749,0.8787,0.7538,0.8453,0.8711,0.8274],[0.8757,0.8778,0.7417,0.8947,0.8969,0.8902,0.8997,0.9029,0.8566,0.9027,0.9027,0.7861,0.9005,0.8909,0.8881,0.8801,0.8578,0.8704,0.8853,0.8905,0.8971,0.904,0.8846,0.8587,0.8821,0.8904,0.8343,0.8393,0.8956,0.8881,0.7735,0.8938,0.8719,1,0.9096,0.8981,0.8256,0.8798,0.8202,0.8861,0.8726,0.7217,0.8656,0.8509,0.7638,0.8699,0.7878,0.7994,0.8838,0.8717,0.849,0.8873,0.8917,0.7451,0.8582,0.878,0.8171],[0.891,0.888,0.7821,0.9009,0.9069,0.9094,0.9053,0.9135,0.8747,0.9082,0.923,0.8214,0.9162,0.9105,0.9091,0.8829,0.8597,0.8789,0.8798,0.8995,0.9108,0.8992,0.8882,0.8718,0.8862,0.91,0.8634,0.8429,0.9178,0.9056,0.7773,0.8875,0.8815,0.9096,1,0.9212,0.823,0.8915,0.8325,0.8867,0.8805,0.7399,0.8798,0.8757,0.7971,0.8764,0.8187,0.8274,0.8923,0.8787,0.8631,0.9012,0.9161,0.783,0.8665,0.8872,0.8176],[0.8839,0.8826,0.7779,0.8927,0.899,0.9072,0.8944,0.9034,0.8693,0.8995,0.9123,0.8202,0.9075,0.9007,0.9014,0.8731,0.8516,0.8743,0.8664,0.8867,0.9023,0.8896,0.8873,0.8718,0.8683,0.8976,0.8538,0.8388,0.9069,0.9042,0.7751,0.878,0.8779,0.8981,0.9212,1,0.8175,0.8878,0.8382,0.8767,0.8739,0.7417,0.8693,0.8655,0.7926,0.863,0.81,0.8247,0.8776,0.8681,0.8616,0.892,0.9087,0.7764,0.8599,0.8793,0.8125],[0.8189,0.8242,0.7,0.8462,0.8373,0.8298,0.8374,0.8313,0.7975,0.8455,0.8334,0.7353,0.8282,0.8248,0.8216,0.8483,0.8382,0.8317,0.8364,0.8356,0.8397,0.8363,0.8159,0.7999,0.822,0.8176,0.778,0.8104,0.8101,0.8137,0.757,0.827,0.8187,0.8256,0.823,0.8175,1,0.8264,0.7836,0.839,0.8271,0.7165,0.8002,0.7934,0.7214,0.8217,0.7384,0.7515,0.8257,0.8175,0.8044,0.8191,0.8158,0.7035,0.8171,0.8305,0.8023],[0.8785,0.8859,0.7341,0.8958,0.8935,0.8966,0.8927,0.8938,0.8594,0.8976,0.9069,0.7785,0.8988,0.8998,0.901,0.8799,0.8578,0.8833,0.8773,0.8936,0.91,0.8853,0.8692,0.8444,0.8708,0.8925,0.8436,0.8251,0.8859,0.8936,0.7587,0.8904,0.8837,0.8798,0.8915,0.8878,0.8264,1,0.833,0.8847,0.8755,0.7191,0.853,0.843,0.7557,0.8601,0.7846,0.7998,0.8819,0.8752,0.858,0.8778,0.8804,0.7455,0.8579,0.8825,0.8217],[0.8293,0.836,0.7797,0.8317,0.8316,0.8538,0.8292,0.8344,0.8253,0.8386,0.8386,0.8156,0.8413,0.8364,0.8382,0.8026,0.7923,0.8185,0.7983,0.8208,0.8331,0.8141,0.8183,0.827,0.8089,0.8323,0.8113,0.7885,0.8273,0.8376,0.761,0.8111,0.8196,0.8202,0.8325,0.8382,0.7836,0.833,1,0.81,0.8136,0.7536,0.8131,0.821,0.7885,0.813,0.7852,0.8157,0.8096,0.8019,0.83,0.8372,0.8376,0.7672,0.8237,0.8292,0.7786],[0.8715,0.8757,0.7272,0.9081,0.8992,0.8906,0.8995,0.898,0.8481,0.9075,0.9027,0.7657,0.8961,0.8883,0.8889,0.9028,0.8752,0.8766,0.9071,0.901,0.9024,0.9027,0.8684,0.841,0.8921,0.8783,0.8277,0.8308,0.8788,0.8776,0.7585,0.8894,0.8707,0.8861,0.8867,0.8767,0.839,0.8847,0.81,1,0.881,0.7102,0.8564,0.842,0.7483,0.8809,0.7777,0.7906,0.8874,0.8756,0.8452,0.8823,0.8771,0.7354,0.87,0.8816,0.8246],[0.8658,0.8713,0.7256,0.8916,0.8898,0.8842,0.8823,0.8825,0.8404,0.8927,0.8912,0.7636,0.8835,0.8794,0.8825,0.8786,0.8562,0.8741,0.8678,0.883,0.8896,0.8785,0.8622,0.8354,0.8595,0.8751,0.824,0.835,0.8776,0.874,0.7634,0.8798,0.8676,0.8726,0.8805,0.8739,0.8271,0.8755,0.8136,0.881,1,0.7261,0.8477,0.8364,0.7427,0.8534,0.7711,0.7817,0.8728,0.8624,0.8454,0.8676,0.8732,0.7353,0.8483,0.8769,0.8264],[0.7457,0.7469,0.7606,0.7391,0.7351,0.758,0.7312,0.7352,0.7437,0.7428,0.7379,0.7709,0.7464,0.7427,0.7392,0.7225,0.7326,0.7333,0.7038,0.7175,0.7257,0.7155,0.7234,0.7498,0.717,0.7378,0.7301,0.7293,0.7382,0.7425,0.7158,0.7088,0.7312,0.7217,0.7399,0.7417,0.7165,0.7191,0.7536,0.7102,0.7261,1,0.7355,0.756,0.7549,0.7259,0.7383,0.7509,0.7168,0.712,0.7463,0.7448,0.7473,0.7367,0.754,0.7424,0.7247],[0.863,0.8605,0.7949,0.8627,0.8635,0.8694,0.8716,0.8794,0.8549,0.8763,0.8832,0.8284,0.8801,0.8701,0.8677,0.8465,0.8377,0.8398,0.8502,0.8584,0.8613,0.8685,0.838,0.8308,0.8644,0.8882,0.8534,0.8094,0.8858,0.8766,0.774,0.8563,0.854,0.8656,0.8798,0.8693,0.8002,0.853,0.8131,0.8564,0.8477,0.7355,1,0.8814,0.8083,0.8598,0.8316,0.8316,0.8665,0.8491,0.8405,0.8876,0.8911,0.8062,0.8486,0.8475,0.7927],[0.8621,0.8655,0.8334,0.8591,0.8569,0.874,0.8603,0.874,0.8649,0.872,0.8802,0.8588,0.8737,0.8685,0.8652,0.8338,0.8276,0.8281,0.8369,0.8489,0.8529,0.8531,0.8322,0.8409,0.8579,0.8838,0.8608,0.8036,0.8814,0.8791,0.7733,0.8328,0.8462,0.8509,0.8757,0.8655,0.7934,0.843,0.821,0.842,0.8364,0.756,0.8814,1,0.8408,0.8601,0.8459,0.8526,0.8527,0.8424,0.8517,0.8825,0.8962,0.8315,0.8551,0.8499,0.7939],[0.7874,0.7888,0.866,0.7722,0.7724,0.7996,0.773,0.7878,0.8124,0.7802,0.7953,0.8743,0.8005,0.7932,0.789,0.7373,0.742,0.7412,0.7424,0.7581,0.7606,0.757,0.7551,0.7937,0.7738,0.8051,0.8035,0.7206,0.8035,0.8068,0.7332,0.7318,0.7625,0.7638,0.7971,0.7926,0.7214,0.7557,0.7885,0.7483,0.7427,0.7549,0.8083,0.8408,1,0.7888,0.8349,0.8403,0.7628,0.7528,0.793,0.8053,0.8198,0.8368,0.7926,0.7703,0.7281],[0.8617,0.8649,0.7706,0.8879,0.8784,0.8785,0.8836,0.8841,0.854,0.8927,0.8907,0.8098,0.8825,0.8751,0.8691,0.8718,0.8495,0.8454,0.8876,0.8773,0.8759,0.8827,0.8472,0.8414,0.8847,0.8769,0.837,0.8108,0.873,0.8691,0.7626,0.8571,0.8518,0.8699,0.8764,0.863,0.8217,0.8601,0.813,0.8809,0.8534,0.7259,0.8598,0.8601,0.7888,1,0.8111,0.8179,0.8663,0.8545,0.843,0.877,0.8779,0.7684,0.8722,0.8667,0.8068],[0.7975,0.7932,0.8344,0.7924,0.7932,0.8108,0.8003,0.8109,0.8058,0.8019,0.8197,0.8521,0.822,0.814,0.8063,0.7682,0.772,0.7677,0.7732,0.7844,0.7873,0.783,0.772,0.7865,0.7988,0.8271,0.8286,0.7366,0.8263,0.8199,0.7456,0.7609,0.7789,0.7878,0.8187,0.81,0.7384,0.7846,0.7852,0.7777,0.7711,0.7383,0.8316,0.8459,0.8349,0.8111,1,0.847,0.7938,0.7786,0.7994,0.8267,0.8408,0.8325,0.8066,0.7863,0.7317],[0.8148,0.8046,0.8404,0.8088,0.8058,0.8346,0.8102,0.821,0.8215,0.8115,0.825,0.8624,0.8335,0.8234,0.8188,0.7747,0.7722,0.7793,0.7781,0.7999,0.799,0.7937,0.7889,0.8131,0.8046,0.8326,0.8328,0.7506,0.8349,0.8315,0.755,0.7738,0.7957,0.7994,0.8274,0.8247,0.7515,0.7998,0.8157,0.7906,0.7817,0.7509,0.8316,0.8526,0.8403,0.8179,0.847,1,0.7971,0.7854,0.8155,0.8379,0.849,0.8306,0.8193,0.8033,0.7413],[0.869,0.8727,0.7398,0.894,0.893,0.8827,0.8884,0.8937,0.8563,0.8951,0.9042,0.7821,0.8918,0.8893,0.8895,0.8763,0.8561,0.8638,0.8814,0.893,0.8952,0.8902,0.8675,0.8371,0.878,0.8906,0.8436,0.8204,0.8914,0.8808,0.7687,0.886,0.8719,0.8838,0.8923,0.8776,0.8257,0.8819,0.8096,0.8874,0.8728,0.7168,0.8665,0.8527,0.7628,0.8663,0.7938,0.7971,1,0.8839,0.8524,0.8837,0.8862,0.7547,0.8508,0.8729,0.8122],[0.862,0.8654,0.7277,0.8847,0.8832,0.8767,0.8745,0.8797,0.8539,0.8818,0.8909,0.7706,0.8749,0.8792,0.8776,0.8671,0.8483,0.8535,0.8726,0.8862,0.8891,0.8749,0.8642,0.8406,0.8687,0.8816,0.8368,0.817,0.8767,0.8715,0.7556,0.8772,0.8657,0.8717,0.8787,0.8681,0.8175,0.8752,0.8019,0.8756,0.8624,0.712,0.8491,0.8424,0.7528,0.8545,0.7786,0.7854,0.8839,1,0.8542,0.8643,0.8744,0.7367,0.8392,0.8716,0.8199],[0.862,0.8727,0.7719,0.8677,0.8684,0.8787,0.8611,0.8637,0.8631,0.872,0.8769,0.8117,0.8643,0.8692,0.8721,0.8422,0.8322,0.8448,0.8367,0.8549,0.8724,0.8484,0.8462,0.848,0.8432,0.8714,0.8347,0.809,0.8603,0.8689,0.7623,0.8409,0.8514,0.849,0.8631,0.8616,0.8044,0.858,0.83,0.8452,0.8454,0.7463,0.8405,0.8517,0.793,0.843,0.7994,0.8155,0.8524,0.8542,1,0.8576,0.8689,0.7695,0.8487,0.8585,0.8218],[0.882,0.881,0.796,0.8898,0.8896,0.898,0.896,0.9015,0.8691,0.8993,0.905,0.8274,0.9048,0.8929,0.8925,0.8673,0.855,0.8638,0.875,0.8854,0.8892,0.89,0.8681,0.8536,0.8871,0.9008,0.8648,0.8252,0.9056,0.8998,0.7785,0.8737,0.8749,0.8873,0.9012,0.892,0.8191,0.8778,0.8372,0.8823,0.8676,0.7448,0.8876,0.8825,0.8053,0.877,0.8267,0.8379,0.8837,0.8643,0.8576,1,0.9128,0.8037,0.8704,0.8744,0.8079],[0.8885,0.8864,0.8152,0.891,0.8957,0.9043,0.8977,0.9101,0.8749,0.8987,0.9188,0.8448,0.9133,0.9001,0.9038,0.8679,0.8532,0.86,0.867,0.8874,0.8915,0.8898,0.8731,0.8647,0.883,0.9114,0.8804,0.8247,0.9205,0.9112,0.7816,0.8702,0.8787,0.8917,0.9161,0.9087,0.8158,0.8804,0.8376,0.8771,0.8732,0.7473,0.8911,0.8962,0.8198,0.8779,0.8408,0.849,0.8862,0.8744,0.8689,0.9128,1,0.8275,0.867,0.8809,0.8036],[0.7641,0.7611,0.8619,0.7501,0.748,0.7795,0.759,0.7699,0.7757,0.7561,0.7817,0.8533,0.7907,0.7861,0.7766,0.7322,0.7428,0.7392,0.73,0.741,0.7373,0.7476,0.7351,0.7556,0.762,0.794,0.8113,0.7045,0.8024,0.8041,0.7196,0.7093,0.7538,0.7451,0.783,0.7764,0.7035,0.7455,0.7672,0.7354,0.7353,0.7367,0.8062,0.8315,0.8368,0.7684,0.8325,0.8306,0.7547,0.7367,0.7695,0.8037,0.8275,1,0.7679,0.7465,0.6923],[0.8665,0.869,0.7839,0.8884,0.8751,0.8813,0.8707,0.875,0.847,0.889,0.8787,0.8147,0.8799,0.8702,0.8666,0.878,0.8587,0.8598,0.865,0.8625,0.8666,0.8704,0.8401,0.8448,0.866,0.8629,0.8234,0.8309,0.8591,0.8645,0.7635,0.8456,0.8453,0.8582,0.8665,0.8599,0.8171,0.8579,0.8237,0.87,0.8483,0.754,0.8486,0.8551,0.7926,0.8722,0.8066,0.8193,0.8508,0.8392,0.8487,0.8704,0.867,0.7679,1,0.8783,0.8281],[0.8823,0.8863,0.7514,0.9015,0.8994,0.8987,0.886,0.8904,0.8566,0.9029,0.8997,0.7913,0.8952,0.8908,0.8921,0.8904,0.8665,0.8803,0.8743,0.8848,0.8963,0.882,0.8698,0.8562,0.8646,0.8822,0.8317,0.8512,0.8759,0.8818,0.7701,0.8753,0.8711,0.878,0.8872,0.8793,0.8305,0.8825,0.8292,0.8816,0.8769,0.7424,0.8475,0.8499,0.7703,0.8667,0.7863,0.8033,0.8729,0.8716,0.8585,0.8744,0.8809,0.7465,0.8783,1,0.8503],[0.8322,0.8492,0.7071,0.85,0.8415,0.8387,0.8216,0.8238,0.8142,0.8491,0.8368,0.74,0.828,0.8304,0.8325,0.8451,0.8278,0.8377,0.8169,0.82,0.8427,0.8213,0.8124,0.8066,0.8063,0.822,0.7676,0.8144,0.8021,0.8146,0.739,0.8209,0.8274,0.8171,0.8176,0.8125,0.8023,0.8217,0.7786,0.8246,0.8264,0.7247,0.7927,0.7939,0.7281,0.8068,0.7317,0.7413,0.8122,0.8199,0.8218,0.8079,0.8036,0.6923,0.8281,0.8503,1]],"countMatrix":[[8447,8131,4072,11318,21894,19590,11264,21222,5180,23943,39600,9983,36072,32383,20776,20187,4143,16734,5976,17507,41120,11930,36150,34266,6162,11503,10916,18691,33273,13379,8225,22616,6073,30349,132447,106127,9195,56686,56411,12027,16852,2302,12418,5832,7396,7045,31264,42212,11741,5813,106333,9585,21050,2012,7115,12367,1435],[0,0,0,48,0,0,0,0,0,0,0,0,0,0,0,0,0,0,0,0,0,0,0,0,0,0,0,0,0,0,0,0,0,0,17,0,0,0,0,0,0,0,0,0,0,0,0,0,0,0,0,45,0,108,0,0,0],[0,0,144,229,168,249,0,0,0,617,273,0,440,232,217,0,0,0,80,299,265,0,0,0,53,0,469,0,294,159,0,0,134,0,174,0,0,0,1826,0,0,0,69,263,0,0,2,0,0,0,0,0,0,92,0,0,0],[0,190,0,0,0,0,0,230,0,582,43,152,348,14,140,0,0,0,0,0,0,0,0,0,0,129,0,0,0,0,0,0,0,0,0,0,0,0,0,0,45,0,63,39,0,0,0,0,0,0,0,0,0,0,354,0,0],[0,417,19,794,254,1781,266,573,1591,1570,972,3,313,114,290,731,34,0,700,516,699,1427,1081,1320,1211,623,634,0,1329,1437,1085,164,283,1901,2672,2890,0,507,0,798,0,0,0,389,0,933,450,972,498,466,4837,65,266,463,200,168,0],[1112,1548,764,583,358,939,4127,4109,1646,4635,3506,1755,4007,2846,2799,3192,139,1265,5813,3110,5120,5229,324,3616,6052,1968,4185,389,1939,945,0,0,812,926,1210,2997,2520,3200,749,923,392,0,2367,2039,3339,1277,3636,4019,2246,1191,4582,3061,2797,1781,1148,1451,1562],[18226,25814,7791,31875,23532,24159,24107,25371,36428,76218,77510,8572,28816,23977,22830,29307,12799,19605,28825,38899,65813,42533,27039,20804,30476,64458,34816,11130,47754,45632,12027,26984,16885,27556,51996,58567,8265,75592,14449,19748,31170,9413,46374,29769,14304,19354,38664,11639,25965,12565,57823,29032,39985,14232,6883,7366,12041],[744,0,273,0,0,0,0,0,0,0,0,470,0,0,0,0,0,0,0,0,0,0,0,0,0,0,202,0,0,146,0,0,0,3,0,0,0,0,0,0,0,7094,149,73,52,0,0,0,0,0,0,0,196,0,0,0,0],[0,0,0,0,0,0,0,0,0,8,0,20,0,0,0,0,0,0,0,0,0,0,0,153,0,0,0,0,0,0,0,0,0,0,0,0,0,0,0,0,0,1031,0,0,94,0,330,18,0,0,0,0,0,0,0,0,0],[174,0,528,0,0,90,0,0,404,107,94,1264,56,202,0,0,30,0,0,0,0,0,0,0,224,66,202,0,311,0,0,0,202,0,400,229,0,0,672,0,872,0,200,276,1742,692,0,2463,0,0,0,398,148,2534,0,0,0],[0,0,429,182,0,182,0,201,0,204,732,755,199,0,198,172,0,137,0,0,0,0,0,800,202,0,572,0,995,202,0,0,0,202,0,690,0,0,0,215,0,0,0,743,437,0,0,703,201,0,0,19,393,202,0,56,0],[524,435,3650,47,403,1234,344,526,404,1998,1312,1989,687,379,368,168,48,76,12,0,0,219,508,1516,201,1225,357,0,900,1771,2239,0,0,228,699,3136,0,0,1422,0,0,1846,1273,1578,874,8,3145,2411,0,44,944,1422,662,1413,480,238,810],[194,42,443,0,195,0,168,0,0,0,0,0,136,0,185,0,0,0,0,0,64,0,39,243,0,36,0,42,126,31,0,0,0,128,931,1834,0,0,0,0,43,465,0,133,1006,0,1769,0,0,0,170,384,289,456,0,206,0],[0,0,152,0,0,0,0,0,0,43,104,92,0,0,106,0,0,0,0,0,0,0,0,0,0,0,0,0,104,40,0,29,0,0,0,0,0,0,0,0,0,24,0,0,0,0,0,0,0,0,0,0,256,208,0,0,0],[0,0,190,281,120,0,0,412,0,37,364,190,0,198,171,154,28,325,28,0,202,0,94,894,412,243,199,0,54,191,3010,0,0,784,0,384,0,0,0,0,0,30,33,0,0,0,968,0,0,196,77,0,133,0,28,0,0],[20,101,1046,180,200,176,230,346,242,337,673,569,0,140,0,106,0,21,0,60,82,8,0,233,140,120,118,0,47,81,144,0,86,0,131,89,0,0,89,0,0,188,0,242,536,0,131,0,0,0,0,0,107,139,11,302,126],[20284,23797,9488,44756,37232,45859,25349,34516,28682,83039,117286,8486,48328,49269,48777,54793,20166,48369,57547,43919,91609,87615,55044,16563,37335,76305,30917,22923,93401,82507,16778,61712,33569,56400,125799,86800,42279,137082,29147,41885,41440,10645,49838,29045,12783,27653,23748,19103,33835,37238,122795,39455,52373,9847,10540,12891,9319],[70827,113296,6516,194713,129099,137322,133676,122090,132845,434975,476562,12355,155546,126615,133915,115493,32105,63328,204726,130755,294409,230919,81798,67909,197718,345796,170070,11702,228427,370795,39034,105485,163454,119801,230945,211667,122126,312019,85348,158681,268889,14598,173487,129807,25538,163697,89545,51166,181408,103300,983505,110281,191968,16102,27722,53003,50857],[1831,279,2706,298,548,1209,390,630,826,1855,2359,3979,992,957,558,553,0,1580,34,202,724,53,0,419,358,1406,680,1035,882,1286,0,0,210,529,2135,1765,0,594,663,174,0,1504,282,306,130,2013,3893,5683,77,0,1175,573,1009,558,1305,1322,0],[23534,36884,10169,34260,30709,41750,21865,31101,51931,104491,57031,21635,35359,26569,29512,31077,11331,22918,25669,32062,43678,74497,89009,142756,18859,54814,12133,29900,54864,48064,18402,33334,26311,72434,79105,104393,17622,41212,55355,12643,29808,6769,68325,27362,26767,39645,19893,13906,12506,19546,202144,22812,27485,8811,20380,16822,31364],[32119,38998,13645,67646,26582,36221,46966,51476,71817,145198,105834,17987,49478,44766,49363,109470,46424,43091,82218,80143,92662,100690,66353,31318,64535,78511,38953,22374,73556,75545,20148,58835,35821,55583,70287,75878,70565,118365,39418,60415,71664,30451,108901,77451,47164,48926,35224,32249,64245,65745,201943,51693,64458,15802,11668,23687,36885],[0,0,87,0,0,84,0,0,0,0,0,334,0,0,0,0,0,0,0,0,0,0,0,0,0,0,154,0,0,0,0,0,0,0,0,0,0,0,0,74,0,0,0,0,138,0,0,18,0,0,0,0,21,0,0,0,59],[16495,11265,5330,6218,6120,76838,1948,4021,11121,12496,10139,7287,11949,9536,16448,3436,3185,7158,2380,3664,8475,3375,15538,35473,5247,10415,7761,19695,25286,17861,147,5470,11196,9861,9015,21839,2680,10491,75949,5530,15435,22996,7357,3379,13717,4834,5837,21888,3052,1627,48793,7956,10722,6217,22861,7365,9050],[575,218,180,727,280,808,319,588,115,677,910,24,234,244,570,2538,988,96,1376,201,743,375,1036,661,474,824,184,101,972,1187,1156,489,633,445,969,982,2942,1437,195,469,0,581,761,396,1116,498,1971,0,206,280,3705,420,483,271,243,863,231],[168,1187,3189,2935,1543,700,257,434,982,2208,7270,2415,1146,556,584,3788,1042,443,1181,1344,1292,56,1296,1377,258,1104,3095,1185,1821,1208,1464,538,489,341,582,2354,65,1855,821,1016,363,128,4380,1302,1591,2743,7474,4424,904,681,2395,351,1323,3259,813,356,0],[21226,39282,7376,43269,33678,78392,34452,47195,36922,66157,67011,7837,85582,47334,58869,63138,35736,85307,19400,25124,54167,54430,43309,39504,38459,100911,67188,42924,139084,233483,10751,59804,119764,64779,110002,116216,16555,115614,20606,33253,58076,16680,56330,18302,11665,20641,17504,11740,32540,26908,145786,41733,62495,22379,14431,22649,43726],[392,0,998,120,0,28,0,176,149,1312,202,553,420,100,314,272,622,294,278,19,0,0,0,0,0,256,0,0,449,0,0,232,1068,136,1049,91,0,0,0,151,0,59,0,272,0,423,1204,690,0,0,0,245,407,342,383,0,0],[184,0,1060,95,535,301,800,271,96,232,156,615,120,0,0,240,289,0,876,7,588,766,1276,706,206,584,15,0,149,5,0,0,0,1835,193,531,0,551,57,633,109,0,315,0,547,301,1628,492,365,459,2404,212,1284,210,526,125,0],[4059,4828,568,11880,10341,4779,11089,9784,2899,24151,10012,1397,5555,5367,4139,7362,3024,1107,12310,7867,11590,17052,10325,4011,12652,6051,5119,1112,4665,5012,576,4594,5309,14217,8923,4518,7705,5929,5967,7109,4765,32,15396,5089,497,15059,5952,4174,5124,2906,27567,9776,6072,279,8199,1536,1924],[70343,81045,17454,134938,76153,61804,75817,85040,118728,316327,259671,26837,92686,90847,84912,127848,64461,48026,130013,96318,206707,142192,113459,157795,109650,217270,95924,60944,100368,172363,33910,79181,150491,112932,123963,163550,61873,218529,75162,87512,70635,26694,124442,62134,41726,90394,48144,30149,58552,48446,313066,67850,86636,17212,57426,36862,60087],[0,0,450,44,25,20,0,0,355,169,210,224,129,777,87,21,21,62,0,0,0,0,0,0,0,0,218,24,186,402,0,0,0,0,131,124,0,0,0,198,0,0,202,101,1512,0,1262,0,0,353,0,286,33,361,50,57,0],[0,0,0,84,24,46,23,0,0,0,100,179,35,0,0,134,0,0,23,0,0,0,0,47,0,80,690,361,0,50,0,0,0,0,57,0,0,0,0,0,0,99,0,46,0,123,0,0,0,0,0,0,153,0,0,0,24],[281,0,1903,274,0,515,314,0,0,0,1224,702,202,199,336,25,113,158,0,0,142,0,0,0,0,358,372,0,1117,654,0,0,0,0,980,434,0,0,2346,0,0,2446,474,1050,0,202,3026,2053,0,176,0,204,1574,1941,102,0,0],[27469,109697,3677,66111,54404,74332,40035,41517,87887,169239,159013,11150,41212,64976,81302,41581,7005,38151,66135,58379,135775,72819,40740,48412,41025,159305,59511,10003,108912,237737,13349,51676,100853,48638,86984,117707,24536,146907,48585,36811,54617,4904,101656,38827,22619,48449,39324,21408,70081,45024,499097,52045,62258,10119,11865,16168,33027],[0,339,453,361,100,1006,121,239,404,0,312,1176,325,1179,623,0,185,0,45,274,0,445,402,1608,0,231,276,202,825,3607,440,0,672,642,1453,2055,0,0,3014,278,0,3089,956,1958,5201,926,3514,2520,0,0,6260,1036,375,815,133,124,0],[540,236,92,204,49,50,0,210,0,216,338,30,326,199,87,0,0,279,0,264,296,174,0,837,674,208,90,320,386,2295,0,186,0,280,100,369,0,144,195,269,1087,0,549,587,0,151,0,267,0,0,0,164,226,146,0,0,0],[388,372,0,0,164,173,0,187,0,263,99,0,0,0,0,606,33,0,2,549,0,0,0,0,0,0,978,0,0,0,0,0,68,0,0,793,0,0,0,704,450,0,536,0,0,81,0,0,0,0,0,0,0,67,0,0,0],[236798,511860,32993,724529,519830,468401,444194,476309,335451,1512043,1288734,59733,443619,278803,250789,753687,359523,390621,804613,726477,1008176,1187884,670364,406689,614408,1099489,372502,265381,639450,860284,236640,563375,593625,843174,927058,786990,479760,974029,243185,531802,601556,81145,576980,330413,115990,605799,235085,127690,518025,345243,1764781,417787,421664,55283,211693,227557,693918],[1959,307,939,1439,4636,2871,1045,1295,738,2245,15148,703,2910,3157,2432,697,16,5558,1094,1163,12441,996,6215,3142,280,2028,3319,174,4880,7942,0,2924,570,1163,11236,9616,51,17810,3507,3022,2566,20,2397,800,759,246,6204,1238,3953,1411,6913,1412,1876,1243,209,1032,0],[509,1076,1533,18408,6642,11055,27952,1598,11773,19101,22458,11736,528,10973,1531,298407,23138,50134,13344,7687,2775,1548,1819,5592,907,803,2074,14272,72,596,126,2643,838,1830,779,2619,2067,1271,4497,4806,1194,2436,3184,153,2111,8237,2131,3695,279,2483,5316,334,2254,20645,486,5114,9561],[0,0,325,0,0,70,183,0,0,0,201,424,0,0,0,33,30,0,0,0,0,0,78,0,0,0,87,0,0,83,0,0,85,0,202,255,0,0,0,0,0,0,324,0,0,0,715,0,0,0,36,0,191,0,0,67,0],[1181,604,4674,4092,4151,2975,329,873,732,2881,3317,3378,2483,762,1570,851,76,540,1202,550,2429,103,0,1269,993,1988,3282,3945,1249,1698,833,171,942,2130,4100,5354,98,392,3923,3085,7247,5026,9633,2754,5886,1439,1089,3690,2376,0,1066,1799,3933,5089,1607,766,4854],[3651,8271,1038,3551,3111,6159,2076,4797,6033,10590,6919,958,3226,6153,6198,7023,146,2431,5107,4429,9613,4564,8157,4891,3101,4114,1808,8131,6290,5646,0,886,2183,6171,7075,12728,2256,11365,8546,2367,3544,784,724,2389,3538,3215,2719,1467,4276,1679,30646,2714,6217,858,2961,1116,1539],[102,219,758,0,156,222,367,305,54,1414,411,582,0,129,67,29,0,0,0,0,39,202,480,1010,689,422,423,912,277,420,0,0,0,0,130,0,0,0,0,0,695,0,225,82,2776,0,1995,347,0,55,660,26,221,440,0,0,0],[0,0,71,0,0,0,0,0,0,0,0,0,0,192,158,2,0,0,78,0,115,0,0,116,0,0,0,0,238,32,0,0,0,0,0,0,140,0,0,0,0,0,0,0,0,0,0,0,0,0,0,0,57,0,0,0,0],[12669,13694,5585,25182,16418,14611,18238,16747,26636,44454,71579,5377,19765,14599,20235,31997,10243,14221,25072,15685,50557,39809,23095,21044,25567,53184,26528,3542,19615,44380,2656,10130,34070,25443,51907,49093,20797,61710,13442,21924,32274,1878,6333,9737,4384,18599,8800,6314,18824,15894,75671,14276,28622,6539,4714,7096,15311],[0,388,241,0,0,0,268,144,64,0,549,1033,0,0,0,0,0,0,0,0,0,0,0,920,0,788,352,0,831,173,0,0,0,0,0,0,0,0,0,0,0,0,699,80,375,0,0,0,0,398,0,203,0,280,194,0,0],[452,0,1524,0,0,0,0,32,0,552,0,520,402,159,0,0,10,0,0,3,50,0,0,0,0,0,140,0,972,200,0,0,0,0,237,119,0,0,0,0,0,0,401,356,477,0,591,1126,0,0,0,0,334,924,333,0,0],[931,727,1334,1482,731,2431,1483,1401,1402,2614,2806,2595,2238,2853,2826,1690,2189,2545,1114,1753,1628,1139,1059,2896,2069,3444,2406,1832,5786,4296,612,737,399,1940,4667,5050,1182,3996,1040,1020,650,598,1660,1369,2334,2014,2283,2829,725,354,667,2279,2779,1674,662,236,0],[252,283,2670,382,4,937,32,146,480,990,1024,2771,746,173,552,143,64,0,0,0,28,226,362,0,72,1417,2179,0,1243,657,0,0,0,0,1559,492,0,23,1137,0,1786,0,779,1139,2674,498,8148,1602,1044,0,5786,211,1806,4699,526,116,0],[1168,282,425,1048,132,1195,202,0,715,1755,1092,148,646,838,1122,3291,798,1186,316,722,1109,572,36,1259,202,437,1187,0,1265,370,0,48,0,453,2107,293,0,268,5214,52,0,0,0,258,0,556,206,0,0,1000,7938,202,726,404,401,196,2206],[0,993,0,583,585,967,1240,888,151,1445,1580,1026,1122,520,157,1217,566,1464,834,201,862,1664,0,0,1516,334,0,104,607,480,0,588,0,3428,980,0,0,0,0,2530,0,0,1035,639,666,703,0,0,368,48,27,0,897,679,264,0,0],[0,170,574,44,0,202,0,0,0,0,696,44,0,0,511,0,0,154,0,0,0,0,26,0,0,1410,885,0,995,310,4187,0,383,0,202,0,0,383,0,0,0,0,78,406,227,182,2371,604,0,0,595,266,18,730,0,0,0],[0,201,463,29,0,180,0,29,0,0,99,109,10,0,0,0,15,0,0,0,29,46,0,0,14,0,5,0,15,29,0,0,0,0,135,260,0,0,0,0,0,0,934,282,818,0,332,0,24,31,0,0,212,37,6,0,0],[13166,19193,8666,37687,30524,28446,12749,17270,17093,50552,27226,8002,21694,18217,19765,30214,5740,17979,30647,18463,26850,41319,50129,66626,23944,26251,20814,14812,42952,60493,9651,21834,17543,41946,55240,52727,17300,47491,41318,17276,17217,18530,19485,10699,13235,21090,19454,18371,19171,11535,147688,23312,22703,9970,15198,10997,10770],[56914,66870,10949,114800,83191,89618,74059,89027,84267,255197,192164,22739,92489,73936,84679,137973,53713,55211,127698,93168,165010,162320,101433,85469,109886,231899,91017,53784,120125,108668,171372,66109,66128,96911,140548,121378,71568,188160,69948,90481,116356,44471,107962,70093,91788,163984,71723,65519,93475,102437,1101089,75199,89332,10971,50768,49964,73716],[957,1572,3929,2314,2946,3585,1306,2257,582,1862,5455,5307,2301,1497,2176,2324,88,480,2361,2625,942,1125,4024,3798,1828,2678,5363,29,4727,1128,10438,133,101,2272,3209,6620,0,3295,8141,2138,0,4974,1961,1604,6243,1724,6129,6487,197,201,350,1459,3793,2275,678,1001,0],[60,27,1655,218,222,254,0,394,0,90,12,190,198,55,472,926,179,120,24,0,27,185,116,61,0,1430,97,103,240,0,0,0,122,0,2288,696,0,0,0,0,0,30,41,1265,1215,1167,999,988,0,29,3307,201,12,94,33,0,162],[6528,4312,6038,9246,10933,20670,4803,6355,3089,9765,22094,6256,20717,12853,12303,10890,4689,17962,5108,9921,21281,8612,5756,14199,2596,4859,11103,1479,15774,12368,3317,11876,3057,17206,55338,65109,3237,50999,25527,5977,8028,8730,11254,4872,11418,8484,29784,21173,8943,3349,27027,12356,13568,6691,3289,6466,237],[8633,24203,5704,20064,15801,25822,10325,10769,23761,24161,22426,8648,19504,21127,18822,19430,7963,5714,7034,7711,20846,17585,16971,37418,10518,13449,9017,5315,15724,21703,10767,8867,10578,12455,29681,39488,14295,24344,47606,8461,10669,8810,10783,9675,23080,18753,17615,17801,15103,17571,289997,12470,16223,2771,18558,16046,11363],[2528,2513,677,2472,2890,4545,547,1613,2467,5631,6160,1113,3798,4166,4335,1483,50,3112,3472,1821,8730,1177,950,3007,1228,4689,3764,26,4039,5377,0,589,4314,1527,3835,5379,60,5887,1544,1449,1398,189,2361,3313,765,1500,1739,5256,3019,1068,35546,3046,3947,224,1090,2752,4960],[143,202,492,186,0,166,137,199,0,606,0,508,0,0,183,0,726,670,0,0,203,312,0,89,201,346,0,0,399,0,0,0,0,17,204,0,0,0,0,233,0,0,159,1695,701,0,1158,600,0,0,805,84,140,300,243,0,0],[768,1804,548,330,1088,687,602,1193,533,4195,3087,509,912,1172,1002,842,132,361,2540,1047,1238,2835,7027,1399,968,913,1058,4197,703,1892,2857,1882,293,3010,1045,5280,0,1233,4744,353,0,62,4206,255,343,196,1109,143,719,161,5999,1579,1678,580,0,507,556],[68637,138200,48010,141183,104224,158217,43149,69248,258130,526551,200264,101595,87447,80153,80716,120639,80950,119909,65679,98965,106682,120043,152388,268293,74559,205050,49132,330270,225803,203002,230220,325912,200210,193754,248922,214692,91728,126716,153478,49708,144785,99055,500826,189712,116872,108029,121603,118977,60265,52427,809988,90259,69199,35725,85177,77933,165826],[0,0,0,66,0,0,0,0,0,0,0,0,0,0,0,0,0,0,0,0,0,0,0,0,0,0,0,0,0,124,0,0,0,0,107,0,0,0,0,0,0,0,0,0,0,0,0,0,0,109,0,0,0,0,0,0,0],[143,648,4946,452,467,520,190,0,401,592,994,3176,691,370,401,198,0,0,0,322,405,0,0,0,96,98,1767,288,1780,440,0,0,0,0,2258,984,0,0,386,155,0,0,1589,1095,1769,0,3455,495,400,29,4596,1647,1737,3248,1362,684,0],[45075,44166,6418,68188,48739,49363,36072,37128,31280,126447,102781,11311,41376,42353,51865,45184,8419,32583,60804,69013,87135,81905,91887,66264,45874,105651,37972,37099,72616,69772,6628,37943,55605,65521,90330,124582,38917,106441,35519,38796,49807,11827,58924,26966,15271,41657,19403,26153,39429,27078,273610,36967,51724,7991,31413,26666,58125],[3891,7091,2629,9385,7626,15249,8839,6171,1386,14537,9806,3334,10328,9254,8540,9952,4079,3416,11056,7433,12483,19546,12003,7818,11886,9346,6591,1789,18937,20326,1011,5875,5791,8582,15808,27134,7793,10369,2973,10880,5556,3513,9066,7045,3516,7824,6810,3133,9911,2587,6013,6135,9182,3758,3770,1089,7936],[20862,23970,7619,26054,21221,25641,20701,23436,25179,54720,63343,7415,22760,30622,30527,35159,10914,21158,29219,26668,53523,41736,36304,45633,25600,53580,17789,18953,55896,52148,19121,22647,16671,34418,52803,59472,8521,48343,23986,16250,37526,2825,29834,19042,7923,22913,17187,13074,17933,21251,129272,17132,29366,7144,11861,12695,31384],[0,217,1380,34,28,392,179,171,173,12,200,745,655,82,8,17,0,35,0,3,201,14,94,0,199,418,0,65,860,404,59,0,0,11,470,8,0,405,255,4,0,60,519,331,2132,0,2931,1231,0,0,5373,70,959,204,0,176,0],[6421,4331,4019,14148,5350,10669,6343,6934,3678,20538,4112,4786,6457,3659,2248,12715,2328,4152,12748,7593,2786,22570,16632,11255,9363,5938,3222,3647,16584,22087,6261,2672,2729,13432,12462,19039,3111,3119,17566,8790,6083,1439,7943,5050,7157,11953,2022,11171,3171,1423,13847,10323,10371,1297,9287,1400,50],[438,589,693,12,279,968,98,609,541,1089,1060,1273,245,296,389,1636,3,146,422,614,930,471,138,104,720,465,1169,9,170,972,0,3,337,106,504,180,0,0,6329,202,7,6,1607,449,551,602,647,2797,0,39,5433,268,504,1370,166,989,9],[571,148,1148,0,443,559,198,202,595,198,0,704,0,430,101,79,28,28,92,0,317,202,0,202,202,521,1767,164,433,404,128,139,0,0,199,28,0,846,6,0,2700,28,2433,542,2437,40,1131,100,79,0,98,0,448,2217,24,100,0],[0,187,278,0,0,0,0,132,354,228,160,286,270,0,0,32,47,0,0,172,23,0,0,1986,100,412,603,0,32,158,0,0,0,0,0,0,0,0,802,0,0,0,199,0,1392,404,0,0,0,202,202,41,356,0,350,0,0],[696,312,1499,0,503,1868,346,812,1059,1124,1031,2123,1339,1216,512,0,414,69,328,213,1333,1286,1254,2150,341,1031,192,5671,1287,1833,5283,386,221,848,1908,259,0,908,0,953,0,3330,2082,1454,2552,2544,1413,8094,554,23,4136,1598,1498,680,860,1694,0],[217,179,533,96,61,532,43,413,0