var hData = {"corrMat":[[1,0.8928,0.7745,0.8964,0.8948,0.9015,0.882,0.8874,0.8655,0.8986,0.8975,0.8101,0.8926,0.8865,0.8917,0.8679,0.8485,0.8631,0.8663,0.8815,0.8921,0.8735,0.8656,0.8549,0.8692,0.8869,0.8451,0.8282,0.887,0.8856,0.7686,0.8705,0.8676,0.8757,0.8896,0.8819,0.8176,0.8759,0.8315,0.8734,0.8676,0.7463,0.8599,0.8633,0.7909,0.8634,0.7987,0.8173,0.8704,0.8602,0.8584,0.8818,0.8877,0.7622,0.869,0.8813,0.8289],[0.8928,1,0.7776,0.9026,0.9015,0.9087,0.8858,0.8945,0.8812,0.9118,0.9084,0.8083,0.8974,0.8969,0.9011,0.8783,0.8562,0.8756,0.8752,0.8862,0.9061,0.8784,0.8665,0.8582,0.8696,0.8943,0.8398,0.8328,0.8846,0.8939,0.7652,0.8776,0.8794,0.8768,0.8883,0.8842,0.8251,0.885,0.8335,0.8751,0.8723,0.7498,0.8641,0.8684,0.7947,0.8659,0.7939,0.808,0.8733,0.8661,0.8704,0.8807,0.8889,0.7628,0.8699,0.8863,0.8479],[0.7745,0.7776,1,0.7569,0.7539,0.7889,0.7557,0.7731,0.7858,0.7672,0.7801,0.8888,0.7896,0.7761,0.7764,0.7266,0.7313,0.7282,0.7251,0.7362,0.7434,0.7372,0.7355,0.7729,0.7588,0.7873,0.7979,0.7102,0.7913,0.7892,0.7188,0.7037,0.7388,0.7452,0.7819,0.7756,0.7008,0.737,0.7772,0.7283,0.7254,0.7616,0.7985,0.8321,0.8675,0.7703,0.837,0.8411,0.7435,0.7272,0.7737,0.7975,0.8153,0.8611,0.783,0.7535,0.7089],[0.8964,0.9026,0.7569,1,0.9363,0.9277,0.9119,0.9084,0.8743,0.9335,0.9246,0.7969,0.9134,0.9103,0.908,0.919,0.883,0.895,0.9194,0.9185,0.9284,0.9138,0.8848,0.8624,0.8982,0.899,0.8422,0.8484,0.8948,0.8986,0.7672,0.8979,0.8829,0.8984,0.9034,0.8939,0.8456,0.8974,0.8305,0.9111,0.8922,0.7421,0.8653,0.8641,0.7775,0.8929,0.7928,0.8094,0.8941,0.8836,0.8646,0.891,0.8948,0.7487,0.8904,0.9042,0.8483],[0.8948,0.9015,0.7539,0.9363,1,0.9242,0.9054,0.909,0.8741,0.9264,0.923,0.7969,0.9118,0.9093,0.9102,0.9036,0.8697,0.8864,0.9069,0.9129,0.926,0.9042,0.888,0.8639,0.8887,0.899,0.8439,0.8436,0.8987,0.8972,0.7705,0.8993,0.8837,0.9004,0.9089,0.8985,0.8402,0.8956,0.8291,0.9024,0.892,0.7389,0.8645,0.8614,0.7764,0.8835,0.7915,0.807,0.8935,0.8842,0.8651,0.889,0.8976,0.7455,0.8783,0.9014,0.8414],[0.9015,0.9087,0.7889,0.9277,0.9242,1,0.9036,0.9081,0.8888,0.922,0.9217,0.8276,0.9174,0.9133,0.9158,0.8917,0.8648,0.8915,0.8896,0.9046,0.9235,0.8938,0.8849,0.8751,0.8849,0.9067,0.8603,0.8442,0.9083,0.9139,0.7738,0.8875,0.8882,0.8924,0.9113,0.9074,0.8292,0.9,0.8515,0.8918,0.887,0.7609,0.8714,0.8762,0.8051,0.8779,0.8121,0.8354,0.8853,0.8762,0.8775,0.898,0.9064,0.7799,0.8843,0.9004,0.84],[0.882,0.8858,0.7557,0.9119,0.9054,0.9036,1,0.9181,0.871,0.9183,0.9167,0.802,0.9087,0.8985,0.8977,0.8982,0.8715,0.8816,0.9056,0.9074,0.9106,0.9093,0.8801,0.8561,0.8968,0.8998,0.8541,0.839,0.8992,0.8956,0.7718,0.8947,0.8775,0.9,0.9033,0.8939,0.837,0.8909,0.8273,0.9017,0.8813,0.7353,0.8731,0.8642,0.7766,0.8862,0.798,0.8104,0.8913,0.8755,0.8558,0.8962,0.8996,0.7579,0.8758,0.8888,0.8226],[0.8874,0.8945,0.7731,0.9084,0.909,0.9081,0.9181,1,0.8766,0.9199,0.9224,0.8166,0.917,0.9058,0.9062,0.8894,0.8653,0.8782,0.8983,0.9048,0.9124,0.9039,0.8819,0.8628,0.8948,0.908,0.8629,0.8386,0.9083,0.903,0.7742,0.8949,0.8811,0.9017,0.9127,0.9024,0.8326,0.894,0.8341,0.8968,0.8805,0.7398,0.8806,0.8754,0.791,0.8846,0.808,0.8216,0.892,0.8771,0.8617,0.901,0.911,0.7717,0.8778,0.8905,0.8236],[0.8655,0.8812,0.7858,0.8743,0.8741,0.8888,0.871,0.8766,1,0.8879,0.8913,0.8332,0.8739,0.8781,0.8791,0.8391,0.8236,0.8415,0.8522,0.864,0.8756,0.8534,0.8529,0.8593,0.8578,0.8859,0.8427,0.8033,0.874,0.8826,0.7609,0.8518,0.865,0.8576,0.8738,0.871,0.7995,0.8621,0.8272,0.8483,0.8427,0.7476,0.8569,0.8661,0.813,0.855,0.805,0.8197,0.8561,0.8528,0.8642,0.8665,0.8766,0.7758,0.8494,0.8603,0.8159],[0.8986,0.9118,0.7672,0.9335,0.9264,0.922,0.9183,0.9199,0.8879,1,0.9365,0.8156,0.9149,0.9101,0.9109,0.9128,0.8823,0.8935,0.9181,0.9161,0.9302,0.9135,0.8846,0.8671,0.9035,0.9104,0.8511,0.8518,0.9001,0.9033,0.7746,0.9044,0.8898,0.9041,0.9096,0.901,0.8471,0.8995,0.8353,0.9094,0.8917,0.7473,0.8804,0.8774,0.7876,0.8956,0.8006,0.8143,0.8953,0.8821,0.8719,0.8991,0.9015,0.7553,0.8922,0.9029,0.8497],[0.8975,0.9084,0.7801,0.9246,0.923,0.9217,0.9167,0.9224,0.8913,0.9365,1,0.8279,0.9251,0.9221,0.9215,0.9022,0.8737,0.8914,0.9073,0.9181,0.9327,0.9098,0.8892,0.8692,0.9011,0.9221,0.8712,0.8418,0.9172,0.9152,0.7741,0.9034,0.8957,0.9055,0.9245,0.914,0.8359,0.9095,0.8379,0.9029,0.8917,0.7438,0.8861,0.8854,0.7987,0.8904,0.8178,0.8265,0.9027,0.8894,0.8762,0.9033,0.9192,0.7816,0.8808,0.901,0.837],[0.8101,0.8083,0.8888,0.7969,0.7969,0.8276,0.802,0.8166,0.8332,0.8156,0.8279,1,0.8227,0.8134,0.8117,0.7589,0.7579,0.7639,0.7667,0.7816,0.7895,0.775,0.7801,0.8151,0.7987,0.8302,0.8329,0.7443,0.8269,0.8234,0.7491,0.7525,0.7809,0.7881,0.8219,0.8173,0.7362,0.7796,0.8132,0.7662,0.7642,0.7744,0.828,0.8573,0.8771,0.8056,0.853,0.8632,0.7837,0.7677,0.8125,0.8286,0.846,0.8536,0.8127,0.7898,0.7425],[0.8926,0.8974,0.7896,0.9134,0.9118,0.9174,0.9087,0.917,0.8739,0.9149,0.9251,0.8227,1,0.9221,0.9225,0.8933,0.8698,0.8886,0.8934,0.9022,0.9165,0.9041,0.8824,0.8645,0.892,0.9087,0.8681,0.8403,0.9156,0.9122,0.7764,0.8943,0.8842,0.9011,0.9182,0.9078,0.8299,0.9012,0.8412,0.898,0.8845,0.7508,0.8825,0.8785,0.8027,0.8838,0.8208,0.8353,0.8933,0.876,0.8657,0.905,0.9155,0.7915,0.8818,0.8965,0.8271],[0.8865,0.8969,0.7761,0.9103,0.9093,0.9133,0.8985,0.9058,0.8781,0.9101,0.9221,0.8134,0.9221,1,0.927,0.8951,0.8665,0.889,0.8902,0.9012,0.9156,0.894,0.8784,0.8594,0.8832,0.9056,0.8601,0.8351,0.9046,0.9053,0.7681,0.89,0.8837,0.892,0.9107,0.9016,0.8263,0.9022,0.834,0.8896,0.8804,0.7439,0.8714,0.8706,0.7936,0.8765,0.8129,0.824,0.889,0.878,0.8665,0.891,0.9028,0.7806,0.8713,0.893,0.831],[0.8917,0.9011,0.7764,0.908,0.9102,0.9158,0.8977,0.9062,0.8791,0.9109,0.9215,0.8117,0.9225,0.927,1,0.8832,0.8583,0.8815,0.8842,0.8995,0.9172,0.8901,0.8798,0.8626,0.8793,0.908,0.8593,0.8315,0.9075,0.9073,0.7681,0.89,0.8869,0.8905,0.9104,0.9025,0.8232,0.9022,0.8355,0.8885,0.8822,0.7431,0.871,0.8701,0.7935,0.8718,0.807,0.8215,0.888,0.8767,0.8688,0.8933,0.9047,0.7766,0.8697,0.8926,0.833],[0.8679,0.8783,0.7266,0.919,0.9036,0.8917,0.8982,0.8894,0.8391,0.9128,0.9022,0.7589,0.8933,0.8951,0.8832,1,0.9118,0.9116,0.909,0.8996,0.9058,0.9064,0.8669,0.8322,0.8805,0.872,0.8171,0.8666,0.8713,0.8699,0.7592,0.8856,0.8625,0.884,0.8853,0.8745,0.8506,0.882,0.8032,0.9017,0.8804,0.7295,0.8465,0.8383,0.7424,0.8737,0.766,0.7766,0.8762,0.868,0.8384,0.8692,0.8708,0.731,0.8804,0.8938,0.8423],[0.8485,0.8562,0.7313,0.883,0.8697,0.8648,0.8715,0.8653,0.8236,0.8823,0.8737,0.7579,0.8698,0.8665,0.8583,0.9118,1,0.887,0.8707,0.8691,0.8732,0.8751,0.8441,0.817,0.8552,0.8555,0.8096,0.8507,0.8529,0.8507,0.7618,0.8586,0.8455,0.8595,0.8589,0.8495,0.8373,0.8564,0.7906,0.8704,0.8551,0.7323,0.8364,0.8287,0.7448,0.8507,0.7682,0.7721,0.8543,0.8461,0.8271,0.8544,0.8538,0.7378,0.8581,0.8686,0.8265],[0.8631,0.8756,0.7282,0.895,0.8864,0.8915,0.8816,0.8782,0.8415,0.8935,0.8914,0.7639,0.8886,0.889,0.8815,0.9116,0.887,1,0.8712,0.8818,0.8981,0.8834,0.8584,0.8316,0.856,0.8697,0.8195,0.8583,0.8695,0.8749,0.76,0.8811,0.8656,0.8706,0.8789,0.8745,0.8324,0.8861,0.8172,0.878,0.8757,0.7367,0.8401,0.8308,0.7464,0.848,0.7671,0.783,0.8638,0.8548,0.8414,0.8631,0.8615,0.7354,0.8616,0.8844,0.8376],[0.8663,0.8752,0.7251,0.9194,0.9069,0.8896,0.9056,0.8983,0.8522,0.9181,0.9073,0.7667,0.8934,0.8902,0.8842,0.909,0.8707,0.8712,1,0.9141,0.9108,0.9148,0.872,0.8359,0.9029,0.884,0.8276,0.8241,0.8768,0.8781,0.7507,0.891,0.8691,0.8903,0.885,0.8707,0.8391,0.8836,0.8005,0.9097,0.873,0.7104,0.8529,0.8447,0.7482,0.8907,0.7722,0.7814,0.8852,0.8744,0.8376,0.8772,0.8766,0.7305,0.871,0.8795,0.8207],[0.8815,0.8862,0.7362,0.9185,0.9129,0.9046,0.9074,0.9048,0.864,0.9161,0.9181,0.7816,0.9022,0.9012,0.8995,0.8996,0.8691,0.8818,0.9141,1,0.9218,0.9076,0.8837,0.8524,0.8921,0.8962,0.8435,0.8333,0.8919,0.8913,0.7629,0.9001,0.8834,0.8945,0.8996,0.8885,0.8361,0.8968,0.8201,0.9035,0.8829,0.7223,0.8617,0.8546,0.7615,0.8794,0.7826,0.7998,0.8939,0.8859,0.855,0.8858,0.8916,0.7427,0.8675,0.8886,0.8252],[0.8921,0.9061,0.7434,0.9284,0.926,0.9235,0.9106,0.9124,0.8756,0.9302,0.9327,0.7895,0.9165,0.9156,0.9172,0.9058,0.8732,0.8981,0.9108,0.9218,1,0.9041,0.8882,0.86,0.8902,0.9077,0.8489,0.8426,0.8986,0.9008,0.7646,0.9081,0.8907,0.8983,0.9104,0.9031,0.8385,0.9144,0.8333,0.903,0.8923,0.7314,0.8635,0.8563,0.7655,0.8769,0.7854,0.8013,0.8951,0.8863,0.869,0.8884,0.8955,0.7399,0.8707,0.8979,0.8399],[0.8735,0.8784,0.7372,0.9138,0.9042,0.8938,0.9093,0.9039,0.8534,0.9135,0.9098,0.775,0.9041,0.894,0.8901,0.9064,0.8751,0.8834,0.9148,0.9076,0.9041,1,0.8854,0.8505,0.8977,0.891,0.8362,0.8393,0.8927,0.8925,0.7611,0.8957,0.8736,0.9054,0.9004,0.8885,0.8376,0.8865,0.8117,0.9065,0.8807,0.7216,0.8681,0.8551,0.7589,0.8858,0.7822,0.7936,0.89,0.8753,0.8443,0.8916,0.8913,0.7438,0.8738,0.886,0.8216],[0.8656,0.8665,0.7355,0.8848,0.888,0.8849,0.8801,0.8819,0.8529,0.8846,0.8892,0.7801,0.8824,0.8784,0.8798,0.8669,0.8441,0.8584,0.872,0.8837,0.8882,0.8854,1,0.8674,0.861,0.8776,0.8309,0.828,0.879,0.8827,0.7626,0.8756,0.8633,0.8871,0.8902,0.8876,0.8191,0.8732,0.8184,0.8719,0.8649,0.7291,0.8404,0.8372,0.7605,0.8524,0.7737,0.7914,0.8688,0.8673,0.8472,0.868,0.8781,0.7346,0.8486,0.8751,0.8141],[0.8549,0.8582,0.7729,0.8624,0.8639,0.8751,0.8561,0.8628,0.8593,0.8671,0.8692,0.8151,0.8645,0.8594,0.8626,0.8322,0.817,0.8316,0.8359,0.8524,0.86,0.8505,0.8674,1,0.8374,0.8628,0.8245,0.8118,0.8627,0.8683,0.7604,0.8405,0.8433,0.8606,0.8708,0.8706,0.7968,0.844,0.8286,0.8384,0.8362,0.752,0.8341,0.8425,0.7957,0.8399,0.7893,0.8128,0.8393,0.8381,0.8457,0.8545,0.8649,0.7544,0.8451,0.8585,0.8058],[0.8692,0.8696,0.7588,0.8982,0.8887,0.8849,0.8968,0.8948,0.8578,0.9035,0.9011,0.7987,0.892,0.8832,0.8793,0.8805,0.8552,0.856,0.9029,0.8921,0.8902,0.8977,0.861,0.8374,1,0.8948,0.8535,0.8152,0.8862,0.8842,0.759,0.8766,0.8662,0.8832,0.8876,0.8713,0.8239,0.8745,0.8125,0.8954,0.8619,0.7248,0.8669,0.8626,0.7777,0.8899,0.799,0.8097,0.88,0.8669,0.8434,0.8882,0.8875,0.7642,0.8709,0.8701,0.8075],[0.8869,0.8943,0.7873,0.899,0.899,0.9067,0.8998,0.908,0.8859,0.9104,0.9221,0.8302,0.9087,0.9056,0.908,0.872,0.8555,0.8697,0.884,0.8962,0.9077,0.891,0.8776,0.8628,0.8948,1,0.8854,0.8279,0.9165,0.9123,0.7738,0.888,0.8909,0.891,0.9108,0.8982,0.8174,0.8937,0.8315,0.8813,0.8761,0.7443,0.8877,0.887,0.8072,0.8772,0.8225,0.8302,0.8911,0.8793,0.8698,0.9001,0.9124,0.7936,0.864,0.8823,0.8215],[0.8451,0.8398,0.7979,0.8422,0.8439,0.8603,0.8541,0.8629,0.8427,0.8511,0.8712,0.8329,0.8681,0.8601,0.8593,0.8171,0.8096,0.8195,0.8276,0.8435,0.8489,0.8362,0.8309,0.8245,0.8535,0.8854,1,0.7821,0.8785,0.8703,0.7579,0.8292,0.8423,0.8409,0.8663,0.8572,0.7811,0.8446,0.8107,0.8323,0.8277,0.7336,0.8547,0.8617,0.8102,0.839,0.8287,0.8333,0.8463,0.8335,0.834,0.8673,0.8823,0.8124,0.8256,0.8332,0.7741],[0.8282,0.8328,0.7102,0.8484,0.8436,0.8442,0.839,0.8386,0.8033,0.8518,0.8418,0.7443,0.8403,0.8351,0.8315,0.8666,0.8507,0.8583,0.8241,0.8333,0.8426,0.8393,0.828,0.8118,0.8152,0.8279,0.7821,1,0.832,0.8292,0.7543,0.8379,0.822,0.8397,0.8414,0.8371,0.8081,0.825,0.786,0.8294,0.8344,0.728,0.8106,0.8024,0.7263,0.8131,0.7382,0.7535,0.8188,0.8146,0.806,0.8246,0.8239,0.7034,0.8346,0.8505,0.8135],[0.887,0.8846,0.7913,0.8948,0.8987,0.9083,0.8992,0.9083,0.874,0.9001,0.9172,0.8269,0.9156,0.9046,0.9075,0.8713,0.8529,0.8695,0.8768,0.8919,0.8986,0.8927,0.879,0.8627,0.8862,0.9165,0.8785,0.832,1,0.9189,0.7736,0.8837,0.8832,0.8965,0.92,0.9066,0.8122,0.8876,0.8309,0.8818,0.8779,0.7445,0.888,0.8857,0.8066,0.8739,0.8265,0.8366,0.8911,0.8759,0.8608,0.9054,0.9223,0.8025,0.8636,0.8816,0.8086],[0.8856,0.8939,0.7892,0.8986,0.8972,0.9139,0.8956,0.903,0.8826,0.9033,0.9152,0.8234,0.9122,0.9053,0.9073,0.8699,0.8507,0.8749,0.8781,0.8913,0.9008,0.8925,0.8827,0.8683,0.8842,0.9123,0.8703,0.8292,0.9189,1,0.7679,0.8789,0.8888,0.8887,0.9088,0.9047,0.8127,0.8958,0.8393,0.8795,0.8745,0.7484,0.8766,0.8788,0.8068,0.8711,0.8155,0.8323,0.8832,0.8723,0.8667,0.8981,0.9129,0.7983,0.8661,0.8824,0.8187],[0.7686,0.7652,0.7188,0.7672,0.7705,0.7738,0.7718,0.7742,0.7609,0.7746,0.7741,0.7491,0.7764,0.7681,0.7681,0.7592,0.7618,0.76,0.7507,0.7629,0.7646,0.7611,0.7626,0.7604,0.759,0.7738,0.7579,0.7543,0.7736,0.7679,1,0.7707,0.7641,0.771,0.7742,0.7707,0.7538,0.7589,0.755,0.7576,0.7622,0.712,0.7736,0.772,0.735,0.7595,0.7422,0.7511,0.7646,0.7557,0.7614,0.7764,0.7766,0.7129,0.7657,0.7698,0.7382],[0.8705,0.8776,0.7037,0.8979,0.8993,0.8875,0.8947,0.8949,0.8518,0.9044,0.9034,0.7525,0.8943,0.89,0.89,0.8856,0.8586,0.8811,0.891,0.9001,0.9081,0.8957,0.8756,0.8405,0.8766,0.888,0.8292,0.8379,0.8837,0.8789,0.7707,1,0.8886,0.8932,0.8904,0.8806,0.8332,0.8942,0.8118,0.8926,0.8821,0.7109,0.8586,0.838,0.7354,0.8606,0.7598,0.7748,0.8854,0.8757,0.8423,0.8737,0.8736,0.7105,0.851,0.8808,0.8231],[0.8676,0.8794,0.7388,0.8829,0.8837,0.8882,0.8775,0.8811,0.865,0.8898,0.8957,0.7809,0.8842,0.8837,0.8869,0.8625,0.8455,0.8656,0.8691,0.8834,0.8907,0.8736,0.8633,0.8433,0.8662,0.8909,0.8423,0.822,0.8832,0.8888,0.7641,0.8886,1,0.8715,0.8814,0.8754,0.82,0.8831,0.8204,0.8712,0.8704,0.7305,0.8529,0.8497,0.7666,0.8532,0.7761,0.792,0.8723,0.8689,0.8522,0.8703,0.878,0.7507,0.8453,0.8713,0.824],[0.8757,0.8768,0.7452,0.8984,0.9004,0.8924,0.9,0.9017,0.8576,0.9041,0.9055,0.7881,0.9011,0.892,0.8905,0.884,0.8595,0.8706,0.8903,0.8945,0.8983,0.9054,0.8871,0.8606,0.8832,0.891,0.8409,0.8397,0.8965,0.8887,0.771,0.8932,0.8715,1,0.911,0.8985,0.8277,0.88,0.8197,0.8886,0.875,0.7275,0.8651,0.8541,0.769,0.8734,0.7874,0.8017,0.8852,0.871,0.8491,0.8881,0.8935,0.7433,0.8644,0.8816,0.8176],[0.8896,0.8883,0.7819,0.9034,0.9089,0.9113,0.9033,0.9127,0.8738,0.9096,0.9245,0.8219,0.9182,0.9107,0.9104,0.8853,0.8589,0.8789,0.885,0.8996,0.9104,0.9004,0.8902,0.8708,0.8876,0.9108,0.8663,0.8414,0.92,0.9088,0.7742,0.8904,0.8814,0.911,1,0.9224,0.823,0.8927,0.8342,0.8874,0.8817,0.7442,0.8787,0.8783,0.7992,0.8767,0.8178,0.8301,0.8927,0.879,0.863,0.9006,0.9177,0.7804,0.871,0.8903,0.8176],[0.8819,0.8842,0.7756,0.8939,0.8985,0.9074,0.8939,0.9024,0.871,0.901,0.914,0.8173,0.9078,0.9016,0.9025,0.8745,0.8495,0.8745,0.8707,0.8885,0.9031,0.8885,0.8876,0.8706,0.8713,0.8982,0.8572,0.8371,0.9066,0.9047,0.7707,0.8806,0.8754,0.8985,0.9224,1,0.8165,0.8871,0.838,0.8755,0.8741,0.7456,0.867,0.8668,0.7938,0.8633,0.807,0.8244,0.878,0.8676,0.8601,0.8906,0.9075,0.7717,0.8612,0.8818,0.8144],[0.8176,0.8251,0.7008,0.8456,0.8402,0.8292,0.837,0.8326,0.7995,0.8471,0.8359,0.7362,0.8299,0.8263,0.8232,0.8506,0.8373,0.8324,0.8391,0.8361,0.8385,0.8376,0.8191,0.7968,0.8239,0.8174,0.7811,0.8081,0.8122,0.8127,0.7538,0.8332,0.82,0.8277,0.823,0.8165,1,0.8256,0.7824,0.8386,0.8298,0.7165,0.8005,0.7966,0.7234,0.8224,0.7415,0.7496,0.8254,0.8201,0.8043,0.8177,0.8156,0.7007,0.8197,0.8324,0.8052],[0.8759,0.885,0.737,0.8974,0.8956,0.9,0.8909,0.894,0.8621,0.8995,0.9095,0.7796,0.9012,0.9022,0.9022,0.882,0.8564,0.8861,0.8836,0.8968,0.9144,0.8865,0.8732,0.844,0.8745,0.8937,0.8446,0.825,0.8876,0.8958,0.7589,0.8942,0.8831,0.88,0.8927,0.8871,0.8256,1,0.8308,0.8865,0.8786,0.7257,0.8535,0.8468,0.7619,0.861,0.7847,0.8003,0.8819,0.8729,0.8562,0.8769,0.883,0.748,0.859,0.883,0.8231],[0.8315,0.8335,0.7772,0.8305,0.8291,0.8515,0.8273,0.8341,0.8272,0.8353,0.8379,0.8132,0.8412,0.834,0.8355,0.8032,0.7906,0.8172,0.8005,0.8201,0.8333,0.8117,0.8184,0.8286,0.8125,0.8315,0.8107,0.786,0.8309,0.8393,0.755,0.8118,0.8204,0.8197,0.8342,0.838,0.7824,0.8308,1,0.8102,0.8114,0.7526,0.8142,0.8197,0.7908,0.812,0.7821,0.8132,0.8083,0.7991,0.8254,0.8349,0.8365,0.7661,0.8231,0.8284,0.7828],[0.8734,0.8751,0.7283,0.9111,0.9024,0.8918,0.9017,0.8968,0.8483,0.9094,0.9029,0.7662,0.898,0.8896,0.8885,0.9017,0.8704,0.878,0.9097,0.9035,0.903,0.9065,0.8719,0.8384,0.8954,0.8813,0.8323,0.8294,0.8818,0.8795,0.7576,0.8926,0.8712,0.8886,0.8874,0.8755,0.8386,0.8865,0.8102,1,0.8815,0.7196,0.8568,0.8466,0.7515,0.8831,0.7769,0.7909,0.8856,0.8738,0.8433,0.8846,0.881,0.7346,0.8731,0.8839,0.8242],[0.8676,0.8723,0.7254,0.8922,0.892,0.887,0.8813,0.8805,0.8427,0.8917,0.8917,0.7642,0.8845,0.8804,0.8822,0.8804,0.8551,0.8757,0.873,0.8829,0.8923,0.8807,0.8649,0.8362,0.8619,0.8761,0.8277,0.8344,0.8779,0.8745,0.7622,0.8821,0.8704,0.875,0.8817,0.8741,0.8298,0.8786,0.8114,0.8815,1,0.729,0.8466,0.8391,0.748,0.852,0.7692,0.7827,0.8718,0.8654,0.841,0.8677,0.873,0.7321,0.8507,0.8782,0.8262],[0.7463,0.7498,0.7616,0.7421,0.7389,0.7609,0.7353,0.7398,0.7476,0.7473,0.7438,0.7744,0.7508,0.7439,0.7431,0.7295,0.7323,0.7367,0.7104,0.7223,0.7314,0.7216,0.7291,0.752,0.7248,0.7443,0.7336,0.728,0.7445,0.7484,0.712,0.7109,0.7305,0.7275,0.7442,0.7456,0.7165,0.7257,0.7526,0.7196,0.729,1,0.7411,0.7592,0.7609,0.7351,0.741,0.7579,0.7219,0.7145,0.7487,0.7496,0.7531,0.737,0.7557,0.7462,0.7272],[0.8599,0.8641,0.7985,0.8653,0.8645,0.8714,0.8731,0.8806,0.8569,0.8804,0.8861,0.828,0.8825,0.8714,0.871,0.8465,0.8364,0.8401,0.8529,0.8617,0.8635,0.8681,0.8404,0.8341,0.8669,0.8877,0.8547,0.8106,0.888,0.8766,0.7736,0.8586,0.8529,0.8651,0.8787,0.867,0.8005,0.8535,0.8142,0.8568,0.8466,0.7411,1,0.8875,0.812,0.8624,0.8282,0.833,0.8669,0.8449,0.8396,0.8883,0.8942,0.8058,0.8505,0.8502,0.793],[0.8633,0.8684,0.8321,0.8641,0.8614,0.8762,0.8642,0.8754,0.8661,0.8774,0.8854,0.8573,0.8785,0.8706,0.8701,0.8383,0.8287,0.8308,0.8447,0.8546,0.8563,0.8551,0.8372,0.8425,0.8626,0.887,0.8617,0.8024,0.8857,0.8788,0.772,0.838,0.8497,0.8541,0.8783,0.8668,0.7966,0.8468,0.8197,0.8466,0.8391,0.7592,0.8875,1,0.8417,0.8633,0.847,0.8506,0.86,0.8467,0.8519,0.8853,0.8991,0.8281,0.8552,0.8516,0.7987],[0.7909,0.7947,0.8675,0.7775,0.7764,0.8051,0.7766,0.791,0.813,0.7876,0.7987,0.8771,0.8027,0.7936,0.7935,0.7424,0.7448,0.7464,0.7482,0.7615,0.7655,0.7589,0.7605,0.7957,0.7777,0.8072,0.8102,0.7263,0.8066,0.8068,0.735,0.7354,0.7666,0.769,0.7992,0.7938,0.7234,0.7619,0.7908,0.7515,0.748,0.7609,0.812,0.8417,1,0.7905,0.8358,0.8432,0.7692,0.7566,0.7986,0.8097,0.8242,0.8361,0.7951,0.7738,0.7338],[0.8634,0.8659,0.7703,0.8929,0.8835,0.8779,0.8862,0.8846,0.855,0.8956,0.8904,0.8056,0.8838,0.8765,0.8718,0.8737,0.8507,0.848,0.8907,0.8794,0.8769,0.8858,0.8524,0.8399,0.8899,0.8772,0.839,0.8131,0.8739,0.8711,0.7595,0.8606,0.8532,0.8734,0.8767,0.8633,0.8224,0.861,0.812,0.8831,0.852,0.7351,0.8624,0.8633,0.7905,1,0.8095,0.8175,0.8699,0.8553,0.8435,0.8776,0.879,0.7659,0.8741,0.8662,0.8108],[0.7987,0.7939,0.837,0.7928,0.7915,0.8121,0.798,0.808,0.805,0.8006,0.8178,0.853,0.8208,0.8129,0.807,0.766,0.7682,0.7671,0.7722,0.7826,0.7854,0.7822,0.7737,0.7893,0.799,0.8225,0.8287,0.7382,0.8265,0.8155,0.7422,0.7598,0.7761,0.7874,0.8178,0.807,0.7415,0.7847,0.7821,0.7769,0.7692,0.741,0.8282,0.847,0.8358,0.8095,1,0.848,0.7942,0.7764,0.7977,0.8249,0.8394,0.832,0.8044,0.7863,0.732],[0.8173,0.808,0.8411,0.8094,0.807,0.8354,0.8104,0.8216,0.8197,0.8143,0.8265,0.8632,0.8353,0.824,0.8215,0.7766,0.7721,0.783,0.7814,0.7998,0.8013,0.7936,0.7914,0.8128,0.8097,0.8302,0.8333,0.7535,0.8366,0.8323,0.7511,0.7748,0.792,0.8017,0.8301,0.8244,0.7496,0.8003,0.8132,0.7909,0.7827,0.7579,0.833,0.8506,0.8432,0.8175,0.848,1,0.7996,0.7854,0.8138,0.8393,0.8499,0.8295,0.819,0.8032,0.7463],[0.8704,0.8733,0.7435,0.8941,0.8935,0.8853,0.8913,0.892,0.8561,0.8953,0.9027,0.7837,0.8933,0.889,0.888,0.8762,0.8543,0.8638,0.8852,0.8939,0.8951,0.89,0.8688,0.8393,0.88,0.8911,0.8463,0.8188,0.8911,0.8832,0.7646,0.8854,0.8723,0.8852,0.8927,0.878,0.8254,0.8819,0.8083,0.8856,0.8718,0.7219,0.8669,0.86,0.7692,0.8699,0.7942,0.7996,1,0.883,0.8519,0.883,0.8899,0.754,0.8542,0.8748,0.8121],[0.8602,0.8661,0.7272,0.8836,0.8842,0.8762,0.8755,0.8771,0.8528,0.8821,0.8894,0.7677,0.876,0.878,0.8767,0.868,0.8461,0.8548,0.8744,0.8859,0.8863,0.8753,0.8673,0.8381,0.8669,0.8793,0.8335,0.8146,0.8759,0.8723,0.7557,0.8757,0.8689,0.871,0.879,0.8676,0.8201,0.8729,0.7991,0.8738,0.8654,0.7145,0.8449,0.8467,0.7566,0.8553,0.7764,0.7854,0.883,1,0.8558,0.865,0.8754,0.737,0.8428,0.8719,0.8168],[0.8584,0.8704,0.7737,0.8646,0.8651,0.8775,0.8558,0.8617,0.8642,0.8719,0.8762,0.8125,0.8657,0.8665,0.8688,0.8384,0.8271,0.8414,0.8376,0.855,0.869,0.8443,0.8472,0.8457,0.8434,0.8698,0.834,0.806,0.8608,0.8667,0.7614,0.8423,0.8522,0.8491,0.863,0.8601,0.8043,0.8562,0.8254,0.8433,0.841,0.7487,0.8396,0.8519,0.7986,0.8435,0.7977,0.8138,0.8519,0.8558,1,0.856,0.8668,0.7676,0.8441,0.8567,0.819],[0.8818,0.8807,0.7975,0.891,0.889,0.898,0.8962,0.901,0.8665,0.8991,0.9033,0.8286,0.905,0.891,0.8933,0.8692,0.8544,0.8631,0.8772,0.8858,0.8884,0.8916,0.868,0.8545,0.8882,0.9001,0.8673,0.8246,0.9054,0.8981,0.7764,0.8737,0.8703,0.8881,0.9006,0.8906,0.8177,0.8769,0.8349,0.8846,0.8677,0.7496,0.8883,0.8853,0.8097,0.8776,0.8249,0.8393,0.883,0.865,0.856,1,0.913,0.8023,0.8723,0.8762,0.8079],[0.8877,0.8889,0.8153,0.8948,0.8976,0.9064,0.8996,0.911,0.8766,0.9015,0.9192,0.846,0.9155,0.9028,0.9047,0.8708,0.8538,0.8615,0.8766,0.8916,0.8955,0.8913,0.8781,0.8649,0.8875,0.9124,0.8823,0.8239,0.9223,0.9129,0.7766,0.8736,0.878,0.8935,0.9177,0.9075,0.8156,0.883,0.8365,0.881,0.873,0.7531,0.8942,0.8991,0.8242,0.879,0.8394,0.8499,0.8899,0.8754,0.8668,0.913,1,0.8243,0.8717,0.8812,0.8086],[0.7622,0.7628,0.8611,0.7487,0.7455,0.7799,0.7579,0.7717,0.7758,0.7553,0.7816,0.8536,0.7915,0.7806,0.7766,0.731,0.7378,0.7354,0.7305,0.7427,0.7399,0.7438,0.7346,0.7544,0.7642,0.7936,0.8124,0.7034,0.8025,0.7983,0.7129,0.7105,0.7507,0.7433,0.7804,0.7717,0.7007,0.748,0.7661,0.7346,0.7321,0.737,0.8058,0.8281,0.8361,0.7659,0.832,0.8295,0.754,0.737,0.7676,0.8023,0.8243,1,0.764,0.7458,0.6981],[0.869,0.8699,0.783,0.8904,0.8783,0.8843,0.8758,0.8778,0.8494,0.8922,0.8808,0.8127,0.8818,0.8713,0.8697,0.8804,0.8581,0.8616,0.871,0.8675,0.8707,0.8738,0.8486,0.8451,0.8709,0.864,0.8256,0.8346,0.8636,0.8661,0.7657,0.851,0.8453,0.8644,0.871,0.8612,0.8197,0.859,0.8231,0.8731,0.8507,0.7557,0.8505,0.8552,0.7951,0.8741,0.8044,0.819,0.8542,0.8428,0.8441,0.8723,0.8717,0.764,1,0.8809,0.828],[0.8813,0.8863,0.7535,0.9042,0.9014,0.9004,0.8888,0.8905,0.8603,0.9029,0.901,0.7898,0.8965,0.893,0.8926,0.8938,0.8686,0.8844,0.8795,0.8886,0.8979,0.886,0.8751,0.8585,0.8701,0.8823,0.8332,0.8505,0.8816,0.8824,0.7698,0.8808,0.8713,0.8816,0.8903,0.8818,0.8324,0.883,0.8284,0.8839,0.8782,0.7462,0.8502,0.8516,0.7738,0.8662,0.7863,0.8032,0.8748,0.8719,0.8567,0.8762,0.8812,0.7458,0.8809,1,0.8481],[0.8289,0.8479,0.7089,0.8483,0.8414,0.84,0.8226,0.8236,0.8159,0.8497,0.837,0.7425,0.8271,0.831,0.833,0.8423,0.8265,0.8376,0.8207,0.8252,0.8399,0.8216,0.8141,0.8058,0.8075,0.8215,0.7741,0.8135,0.8086,0.8187,0.7382,0.8231,0.824,0.8176,0.8176,0.8144,0.8052,0.8231,0.7828,0.8242,0.8262,0.7272,0.793,0.7987,0.7338,0.8108,0.732,0.7463,0.8121,0.8168,0.819,0.8079,0.8086,0.6981,0.828,0.8481,1]],"countMatrix":[[1805,1325,3491,6472,6797,5069,1794,994,5566,5193,25836,3621,255,2234,1228,21579,2775,97,5959,8688,5298,7681,18040,1754,4844,4060,6306,3378,20029,13553,46,112,2238,1620,6467,3077,3449,2925,3041,1892,16353,5058,3167,4808,4473,2945,7849,2609,4885,4592,26314,2150,13996,3534,1865,1632,21],[536,1888,715,2708,1203,2013,585,603,568,2278,4307,211,201,1684,1279,880,165,582,784,750,1554,1394,1772,505,1997,1332,903,4237,1532,6383,0,265,5446,483,776,4654,0,1460,5080,1735,1213,0,1275,1391,132,562,186,246,597,589,10013,709,1099,612,26,833,0],[2342,2252,5777,4465,3889,4987,3237,3923,6851,13781,8055,2891,4149,4344,4971,6170,2671,4418,4614,2852,2657,4904,16652,47790,2633,6495,8964,2544,6804,11799,3678,2397,2781,4629,8174,8719,299,7980,2190,5369,4219,1411,3890,2585,7713,2442,5924,4832,4504,588,11716,1827,5628,2413,4320,6853,3874],[55,146,0,94,94,25,8,3,212,182,152,229,102,329,351,30,5,0,46,90,20,28,64,178,15,309,190,36,87,165,11,0,32,151,146,197,0,200,147,24,20,0,264,6,106,146,14,194,14,36,1107,154,16,0,0,5,0],[1424,3661,191,62189,10209,30046,12398,4485,6048,76726,61524,2036,3328,5235,3089,65775,8567,15766,21157,14857,27607,79054,13142,28475,15685,13041,935,7665,17313,10071,0,2038,2312,22665,86798,105826,7682,5535,2927,8454,9761,3588,2932,3608,934,7371,193,287,1937,2442,13555,2049,3293,481,5343,6213,14560],[182714,150794,29450,368001,281852,294079,203840,202985,207833,576291,589770,33424,299325,285949,269011,359839,106546,185934,327100,346925,393336,402554,276601,180372,299817,549731,300887,93517,490872,590802,76557,254323,286733,307275,568990,561461,247998,654000,167785,262540,304814,45498,412372,227804,68203,248717,152460,138965,296240,250270,1554286,214688,373565,52828,106846,130746,187111],[2489,444,1505,1520,575,1448,1558,2179,1209,2728,4208,1165,1619,744,1478,883,1824,675,2519,2361,3420,659,2508,396,0,3356,809,1635,2024,587,0,580,196,468,2358,2644,199,6290,0,1256,0,120,959,1028,3658,0,1080,1057,171,1359,0,920,1833,64,179,1450,422],[132,108,2361,1888,210,388,654,298,442,3538,873,172,384,675,860,1653,1337,787,790,206,794,1730,0,266,781,402,706,0,1075,1371,0,961,187,1454,1791,0,4802,2395,0,470,0,0,933,459,147,0,0,697,194,2642,505,924,558,425,1404,0,0],[2579,7264,4864,19469,14168,4375,26343,23310,2616,79970,45393,4840,6319,8808,9140,25913,10486,4414,66749,17763,19640,88878,24433,3186,33447,25270,9159,3215,37060,32415,3066,8122,9181,32722,23225,28275,33109,12172,4538,18283,27078,938,37412,21165,4033,36918,4120,4367,17425,21906,47693,23461,51592,6266,3203,2545,897],[1480,840,1621,4435,967,4866,2087,2222,1427,4578,2593,3576,1785,1583,205,5550,898,1140,2464,2590,1578,4594,323,4696,1095,2586,1560,989,3280,5746,727,1434,500,2685,3155,3422,0,2295,0,3015,2065,2084,1727,1614,2465,2635,5168,2768,2949,808,10008,3210,1595,2007,1190,2151,0],[42822,82962,33879,51885,41418,64114,32109,33982,126827,127071,77411,40075,37070,47435,53158,29775,12622,27376,36998,37303,55645,37131,83938,119445,38224,104021,35040,30734,67602,134988,16375,36688,27996,52672,92846,102948,45978,83772,86708,18430,27019,32331,37180,28063,65952,37968,34914,46332,21488,32223,689009,37215,47690,21689,33830,35695,44704],[63079,43986,10492,158326,103132,93822,199121,204639,25154,609748,486759,16207,205022,82495,69232,251524,101690,63071,428563,86691,435782,323956,119998,40352,288051,342319,130087,125322,281212,114800,40073,150821,138283,233518,261310,253887,213066,250650,45656,234503,171732,13603,215028,66786,28132,259166,40203,18435,170780,110644,97073,128490,169076,15365,76558,49733,29045],[0,0,1079,0,453,0,428,480,588,202,950,0,126,215,496,575,0,0,0,0,317,0,0,184,61,474,520,324,202,181,0,0,20,0,732,332,0,199,0,0,264,3624,184,510,177,146,1812,1389,0,0,0,0,716,914,70,0,0],[0,606,1017,1375,879,2222,598,674,767,1363,2211,1238,789,1215,895,846,92,2013,969,448,1037,1353,0,1890,827,955,548,0,943,1939,203,1335,1296,964,2431,2782,0,1203,1572,823,553,0,560,137,2691,833,1369,790,37,474,12186,646,838,769,1170,99,0],[0,0,233,0,0,0,0,0,95,165,246,101,89,65,18,0,0,0,0,0,0,0,0,0,0,0,0,0,0,301,0,0,160,192,91,0,0,0,0,0,0,0,46,403,891,201,1593,998,295,0,497,101,94,325,0,0,0],[461,370,1203,251,849,592,163,908,62,1467,1395,209,876,688,201,46,288,169,1404,362,410,729,1616,404,481,1566,701,29,1602,1090,89,393,1001,236,1649,1028,0,349,0,1057,495,0,405,68,1210,1621,923,3053,1103,403,89,981,1484,1888,255,129,93],[140,0,1311,0,184,652,41,202,717,1246,214,760,281,129,868,180,0,0,0,0,0,136,0,866,334,476,276,0,217,556,0,73,0,0,507,396,0,0,0,0,0,0,199,603,3384,0,830,806,124,1400,3940,0,146,84,273,33,0],[209,42,2976,24,0,724,137,117,0,885,1263,1628,200,0,425,733,620,163,0,423,0,138,70,378,124,83,101,289,455,1203,0,0,179,0,310,966,103,0,1521,0,0,43,472,222,2751,856,1392,1741,56,0,7791,206,401,717,625,83,155],[200,0,1195,264,197,814,508,92,0,738,334,540,0,330,6,0,0,0,26,0,5,0,0,0,883,0,0,0,370,107,0,0,122,426,0,309,0,0,0,0,0,0,1226,999,1739,235,0,0,1005,0,0,172,411,607,0,465,0],[105,835,620,48,621,508,725,1524,118,70,382,404,2103,275,2431,28,0,9,84,170,754,0,703,2134,0,1606,1875,998,5672,1013,0,729,762,451,2282,5594,0,473,0,0,608,288,275,0,30,0,0,482,650,603,3157,268,8155,0,168,3606,2183],[691,199,453,549,128,884,200,0,444,174,2007,0,732,330,364,1085,85,296,202,664,187,1637,4423,1449,729,460,202,0,1030,3245,0,195,341,68,225,473,0,1010,1042,0,0,0,0,303,0,0,1766,1493,2275,631,0,0,986,893,123,827,96],[0,0,0,0,0,0,0,0,0,0,0,0,0,0,0,0,0,0,0,0,0,0,0,0,0,0,0,0,0,0,0,0,0,0,0,0,0,0,0,0,0,0,0,0,0,0,40,0,0,0,0,0,0,0,0,0,0],[657,579,9,180,144,209,304,100,0,421,664,0,0,28,111,452,163,38,62,0,227,0,0,0,0,584,0,189,0,192,33,180,0,91,38,0,104,26,0,79,52,30,0,0,0,67,1410,0,0,0,209,792,24,192,231,333,615],[0,578,216,0,0,0,0,0,0,42,0,895,124,0,0,0,0,188,0,0,0,0,0,0,0,247,303,0,200,150,0,0,412,0,462,606,0,0,0,0,0,0,316,0,216,101,2347,1357,0,0,9504,199,61,194,0,234,178],[2005,22568,4378,9069,18045,44128,8889,10961,129407,28233,44438,5795,7759,17289,17220,2483,2561,2143,17012,2325,20499,21251,20997,16440,14591,23432,20336,476,45911,61846,3040,4871,20239,8623,18100,31526,2674,37905,20464,7062,17010,2523,10951,40210,4378,5572,3199,5450,10493,29242,71567,9886,72694,3660,3080,3270,3936],[165,0,745,126,223,0,0,172,70,354,464,283,227,101,166,0,0,0,0,0,99,194,0,0,0,0,604,0,628,348,0,0,0,0,10,796,0,0,0,0,0,0,1665,0,373,0,1738,1539,0,0,0,200,472,300,960,0,0],[3246,6133,3666,10928,8280,13454,4694,3647,1765,17847,7998,4259,5384,3884,2513,12701,4154,5167,5959,2247,5784,12769,11736,19091,8691,12103,5885,5248,9240,39040,168,927,3809,8930,8283,10781,8369,11518,17795,5197,8543,12079,9233,5390,12498,11064,13706,12618,6162,3637,25294,7026,7297,3999,10421,9250,8077],[1208,1594,9827,784,602,998,1022,1136,548,1685,2284,6630,3271,1377,2187,2577,174,1131,1562,0,543,629,1091,2323,604,3006,4374,59,3664,1928,20,202,1647,1055,3357,1389,28,1162,7873,234,305,2463,6322,2938,5222,1886,10863,4003,20698,50020,205130,2246,2014,11133,986,411,0],[3168,1362,1843,6120,1791,3250,2966,4854,939,8816,4903,2205,4066,2474,3901,15008,9883,2877,3666,3034,3178,8386,1844,3693,4080,3011,1480,4856,2390,3639,4616,2489,738,5246,6745,7685,5584,4657,2946,2628,3509,301,6031,3063,3613,6454,2844,77,2992,4288,16840,3129,3633,215,8080,17759,4172],[156,549,14,371,428,595,135,646,98,936,344,1106,0,0,233,247,156,753,310,330,454,417,300,267,49,373,202,28,178,643,44,0,0,451,223,275,628,220,630,44,0,0,79,892,230,74,1021,50,276,0,100,507,176,1528,75,0,109],[39126,49801,7737,47357,36234,41128,29271,31987,28050,112458,86552,7958,41634,47330,50060,35915,14715,23018,61005,53860,69773,69996,50801,33208,45356,80264,27044,29033,53539,71395,15268,37285,31353,39899,61477,101262,36728,88818,35611,26186,27521,2398,58946,33440,21120,42082,21965,23827,34467,18066,175572,33014,37570,4247,19562,16699,17034],[2885,1348,339,11409,7808,5345,5562,8343,3366,16141,9544,400,5522,3996,2306,4661,2276,5745,4815,7574,7273,8125,3734,2998,9467,11977,5435,5101,9084,8164,2213,5099,1468,4681,5373,2649,3115,21402,0,8402,3933,0,12887,4658,4505,8805,2748,4672,5373,7549,12061,6765,5152,3103,2642,4364,1167],[2090,401,1602,4011,2342,1707,989,0,2071,3191,1367,1603,314,4,619,1718,1611,492,3210,1195,715,3762,24,4042,1567,883,1992,120,1602,1193,1789,225,198,947,1526,2370,5240,49,551,3643,1259,757,2433,2218,1871,1385,4577,437,1765,1116,1037,1696,1401,607,2076,1680,157],[4909,1951,1390,2160,1893,4636,1505,2560,25573,3089,2084,1794,2887,2258,2043,568,0,2182,789,1080,854,2089,6198,21918,1180,1767,1147,1813,8317,28965,0,1412,1955,1535,5520,15396,0,2488,8030,223,2177,1813,2065,1983,13705,898,3848,6280,1580,1253,23509,2756,4526,1061,1593,1406,34],[1698,49,191,1010,732,504,978,630,94,643,1010,521,610,243,66,1279,373,190,1351,1596,1497,1131,2433,605,1412,555,106,208,932,186,24,79,0,1858,746,710,710,0,0,748,12,0,328,253,185,2389,0,448,590,494,390,733,982,68,593,180,0],[38043,64475,8756,45813,33352,36829,17490,23101,11192,49109,41074,7929,40238,28525,33770,62278,10959,18163,33477,37831,50877,40379,50409,28514,23599,54571,29875,2593,33433,51857,12925,19850,13824,28125,55968,42145,11570,52858,22505,24607,13283,0,14385,16711,12842,29725,19838,16328,40846,39326,200572,17960,28061,6921,19979,31528,81463],[30,2,0,36,0,258,96,2,19,70,629,0,256,0,20,30,0,283,186,49,44,232,7,408,112,28,241,142,148,349,0,0,182,807,306,775,0,0,0,288,210,0,0,36,74,0,0,71,29,0,0,2,204,95,0,0,0],[112446,162954,16769,211188,142968,131272,147007,148795,75646,370189,407553,21770,168548,131536,129753,295210,105389,138540,221966,125815,327025,302303,175491,156003,207305,295220,99608,62115,238151,267684,38227,96325,110210,215790,254257,235962,148221,294391,78824,159908,155183,30635,117363,79894,30789,201093,52361,41764,225594,136308,637918,117427,148206,21651,85045,99794,196014],[333,107,2392,102,0,491,202,558,0,283,202,1127,757,0,120,287,27,6,175,0,333,224,0,0,0,756,2010,0,1158,301,0,0,0,0,376,9,0,0,0,0,0,0,1422,1473,1591,0,4019,3956,0,0,0,965,979,1495,176,0,0],[15595,22752,12270,38680,22344,27779,14538,18764,42417,64692,45754,11745,21005,28719,22665,40848,15141,17813,18654,15089,36157,32809,55031,86199,18940,27055,9866,19038,25790,36278,12382,20047,19537,36055,45357,58144,24896,42536,26843,13922,14903,5047,26185,19648,26879,22747,18430,18063,14396,11665,139785,16876,28370,6955,21589,19203,10211],[344,345,1277,6,162,204,72,186,341,122,496,980,589,9,91,127,24,312,1,30,0,0,22,621,135,880,1290,0,289,53,0,0,0,0,481,195,12,267,1721,0,5,5,376,319,1580,341,578,35,0,0,4,396,159,441,638,0,4],[18673,20779,112927,10047,8386,24917,12512,19906,23978,35652,31425,82523,30978,16803,21822,24223,11124,13736,4921,8812,8835,13826,8283,45825,16416,41208,48729,6858,55420,46796,49061,3418,8145,14917,40673,48704,2349,13068,57700,4471,8513,104276,64053,60805,149352,24866,186438,105842,12030,10328,179889,34613,42593,158702,20211,13019,7600],[0,38,1481,0,0,280,0,0,176,30,40,197,0,179,99,120,0,1526,0,0,337,0,0,472,0,202,202,2057,216,0,267,0,215,272,1042,0,0,0,0,0,0,1185,11,653,187,509,1977,531,0,0,41,0,770,774,429,0,161],[105,382,241,0,35,408,0,256,402,1144,408,827,533,27,0,0,0,0,88,24,86,334,0,55,72,154,0,0,589,429,0,86,0,0,668,96,0,190,0,176,0,0,1627,113,378,964,2113,507,0,92,0,228,687,0,0,50,0],[0,606,966,237,355,74,201,47,0,364,59,834,226,217,37,33,0,59,0,0,0,124,0,29,139,228,199,0,441,143,0,402,0,0,24,17,0,124,855,0,0,0,1278,1072,566,603,2032,1747,0,72,0,818,873,1221,167,0,0],[0,202,1382,0,90,403,0,92,672,244,769,1330,0,108,66,0,0,0,231,0,0,162,0,0,69,425,56,0,23,651,0,0,604,0,521,250,0,0,987,0,0,0,894,257,493,202,1493,1115,0,0,0,1319,863,1006,461,0,0],[90,550,281,12091,4372,1005,1469,0,0,666,2550,275,2249,1850,924,809,71,491,834,0,1060,443,346,0,1489,343,197,26,128,12,0,0,0,131,134,224,0,1604,1576,1582,0,813,0,403,1131,980,1342,305,565,56,2494,318,0,40,1703,1054,2607],[30,401,3293,613,1047,538,118,649,322,1753,2049,2737,1186,1325,1356,1076,267,230,0,0,962,786,493,220,0,1375,1197,224,604,1613,69,226,351,2674,1865,599,274,805,5725,67,252,5509,3044,974,1950,164,4806,2590,446,202,975,1230,575,2894,447,257,132],[54,68,146,97,74,357,152,89,331,1103,526,168,378,74,41,121,246,14,110,103,167,125,227,398,24,17,104,152,154,608,121,133,55,93,721,863,0,1508,210,167,873,0,193,274,1501,161,0,175,60,87,0,354,364,79,388,84,0],[1239171,2135620,286614,2194697,1593467,1805101,1192713,1517484,1731046,4838357,2020686,421091,934673,1018638,999386,1423049,428933,476151,2037830,1915961,2376063,2170078,1696100,1793474,1364302,1783126,781750,410546,1816874,2373220,741528,1140307,1062051,2167037,2229697,2361937,863648,1590257,1164414,979224,961877,221341,1779540,854039,1026132,1658007,737753,777399,962033,612807,7446474,1062889,1237345,139093,1020505,505772,641768],[5149,5827,2036,9722,7695,8601,4955,6468,4235,19090,10791,1911,5279,7877,7493,6468,833,5093,7453,4802,11851,7397,15920,17489,6518,10019,12074,2791,5848,14535,1411,10559,7881,11612,11372,10876,8292,17135,9683,5170,1145,2768,3982,9357,3312,5330,6187,6236,5613,6461,61985,6510,9659,2561,1319,4092,3064],[1299,2058,259,1423,1261,1467,1311,2297,2354,5230,4210,437,4253,1890,2244,15575,4333,7326,3882,1921,2752,6884,6691,3314,3643,3717,333,21178,5980,3216,308,4532,2006,9139,7038,9866,0,5545,2323,1957,2519,0,2718,2378,3447,1929,2437,2421,3281,3037,19793,3493,2317,642,3432,1353,1564],[17797,29348,2188,83091,61870,50815,17332,19410,11768,74643,70669,2322,28063,24440,28596,13595,5537,6928,29826,23298,51983,36043,25387,11220,36834,60743,22443,2597,33410,35257,1389,15492,12123,18679,35420,38548,10240,38957,11282,49618,45102,5553,24823,15579,2801,28726,12647,7552,34060,16763,150691,16437,24656,2532,4315,4223,422],[0,0,52,0,0,276,16,0,0,0,0,0,12,0,0,0,0,0,0,0,0,0,0,0,0,263,0,0,0,98,0,0,0,0,3,0,0,0,0,0,0,0,0,0,0,0,0,0,0,29,36,0,0,0,0,0,0],[379,848,542,1937,1244,5546,371,1017,679,2875,1251,429,1548,1284,1253,761,11,1312,1657,1405,2627,900,459,1959,1859,1847,629,947,2731,1487,0,261,772,1214,3014,3307,0,1444,12192,530,599,0,137,691,521,3100,570,2635,206,823,13521,588,2074,395,1103,1031,111],[6669,13305,1173,14478,12373,13637,7406,7337,26124,27140,23905,5713,10391,12305,9225,10723,3991,2717,9776,9364,24181,15493,14150,23793,7193,18132,7424,5943,13769,27150,10583,5598,10159,13271,19846,33598,7940,22068,14287,5890,10643,4783,9670,5493,10470,6440,6155,11348,6010,6173,62900,6642,8540,3505,4328,4862,2832],[2560,5344,4862,3453,3455,3109,2493,2265,2716,9725,5475,3001,2722,2574,2116,2082,3111,2905,4232,5503,3279,5939,3724,553,2709,2742,795,2329,2530,3591,5108,576,1386,3902,1267,4414,1494,4538,1743,3181,5699,590,1411,731,2014,2636,2067,4084,2942,221,9477,2932,1665,1967,1892,1964,3041],[376,329,540,297,48,257,202,0,250,0,397,567,171,104,302,75,188,0,0,198,0,0,0,505,0,202,0,0,0,394,0,0,0,202,101,39,0,0,30,0,0,0,734,437,1937,0,683,271,0,0,0,0,84,0,0,43,0],[98761,87322,48769,167775,117272,57919,181520,93641,119474,304858,141257,36501,28682,31569,17349,618612,161977,58711,131540,70188,80760,153586,80875,95547,158800,130951,42591,21275,52786,40592,42266,89245,53136,178646,63878,89425,61686,65708,107478,96011,134174,58850,214816,88528,143292,197950,75283,45635,118669,58702,249489,62155,87720,20956,52018,36982,14667],[27,52,9,54,4,103,330,281,117,377,715,110,366,239,119,1004,33,16,114,26,26,166,29,0,199,185,383,340,0,785,0,0,44,650,228,1862,2504,0,0,633,516,0,0,121,1256,1927,5,516,3,0,4607,419,202,37,258,9,0],[32108,146519,16004,116629,82387,60153,11574,22923,55370,120882,129807,27131,23489,40044,39864,34571,8852,10546,29657,55203,114116,42838,35608,17187,74417,102969,33881,2730,40402,65675,7785,13092,26608,12974,51015,40707,2867,69719,14817,34715,42884,6414,10095,23533,45528,87300,42514,26515,20745,27739,326120,11594,60380,6903,15536,23541,82059],[29510,39218,6318,65893,42463,29868,25749,33291,41660,113066,113833,22826,48197,28118,33043,67110,25612,37114,37168,23324,84470,72856,59961,106738,37927,47565,11966,34388,24444,40485,22486,43764,30322,85507,79107,73644,18580,50521,68417,24858,31188,11108,27394,22419,11391,42702,17835,20033,22796,20508,235630,26259,23415,4445,56565,41579,57996],[511,614,532,2579,673,1422,850,674,410,3346,1272,896,1731,1216,831,2432,1216,849,582,960,752,2100,393,3205,630,1224,273,399,447,3298,1888,1740,1169,4966,2625,3900,62,2611,836,387,932,52,1413,1330,3142,600,211,940,0,555,5117,719,1586,1360,1210,1944,90],[565,818,741,307,80,210,0,348,617,1136,333,952,401,315,204,276,762,735,339,364,242,1443,1701,706,0,494,201,0,302,103,290,0,0,547,673,0,0,0,745,168,778,0,1565,612,1165,392,2845,1078,0,0,0,1027,568,664,542,165,0],[607,2366,398,1237,719,943,201,610,1117,3992,2005,1144,753,2265,2332,2701,99,1011,559,491,2995,1701,999,1718,51,1472,200,1321,1740,2301,1784,302,2064,927,817,2139,81,1021,2605,85,2194,0,309,909,603,237,4,2203,708,402,7858,177,550,0,1233,874,2584],[394,207,74,1792,577,1188,1375,1013,992,3021,1166,178,461,989,1168,3436,1159,635,2236,847,1452,3328,1357,156,903,1602,462,0,2119,2116,0,347,133,207,1727,614,108,1823,2759,1221,1400,551,751,1121,478,509,3006,0,2063,792,10087,1480,1432,1384,192,463,26],[7766,15014,9832,10393,7805,9806,3817,8713,31969,35978,15772,8754,4561,4166,9108,8079,3797,6478,7858,9626,11075,4611,6792,12155,6276,12217,3620,7134,7120,16272,3334,11509,15198,7733,9633,11713,6680,9391,12144,4995,14449,4192,25278,14151,11502,11032,10130,11146,4325,6170,42845,9161,5488,2416,8235,4178,7842],[0,153,2394,259,201,187,0,419,455,324,677,1492,156,286,643,0,188,0,108,68,0,72,582,765,925,404,513,3669,655,463,25,0,200,149,1547,2415,0,0,375,0,0,0,326,1413,1371,729,1589,1682,303,0,807,530,334,1589,0,339,0],[19593,89004,8180,45204,38589,39435,14768,15045,33525,155087,39415,15109,73561,26691,18664,20314,5204,7614,75874,265340,44987,137164,74913,84860,62956,63574,12284,8352,22097,12433,15225,40454,9507,163651,57528,49858,24396,66774,36783,30315,20065,8793,22959,18574,29498,205649,23101,20770,24791,15084,132085,22634,15680,2943,57106,21200,20563],[0,238,0,207,305,697,0,339,175,892,1436,4,1245,985,1014,0,0,151,313,559,1118,544,18,31,0,128,819,0,564,201,0,755,235,186,1681,176,0,1525,2916,0,163,0,165,0,0,62,421,1508,0,0,